871 3
34 1 35 24
5 49 45 14
50 26 16 4
31 16 7 32
27 48 33 7
15 30 5 36
49 46 26 13
15 20 19 11
16 27 22 7
6 12 2 44
23 31 13 40
48 6 48 4
28 11 42 41
17 7 43 24
39 6 2 48
37 49 13 6
21 38 47 41
6 15 40 44
10 44 46 22
45 26 10 24
3 1 39 46
46 50 5 4
21 44 6 44
13 10 39 27
23 43 43 6
3 1 11 22
45 5 7 19
22 35 49 20
34 33 20 15
49 11 5 28
21 22 16 19
29 19 17 46
19 28 42 45
13 22 13 37
10 46 47 8
46 41 35 6
22 25 27 41
47 40 50 33
15 1 35 7
31 6 12 6
20 11 38 40
18 47 20 28
29 19 12 19
45 40 34 19
16 50 10 49
24 47 3 22
15 33 29 12
18 46 22 46
17 36 35 31
34 21 12 35
20 20 14 48
32 38 16 13
21 4 15 24
15 47 49 13
12 15 34 13
34 35 48 28
12 33 42 2
48 3 41 39
45 26 26 26
11 50 24 7
4 23 2 49
17 32 21 39
27 33 19 3
33 28 35 23
19 11 29 23
2 30 25 47
24 14 33 31
0 46 14 48
50 33 50 21
16 3 10 22
24 21 1 11
4 37 49 19
6 8 37 33
33 5 35 35
41 49 48 6
6 13 19 19
5 19 35 29
10 36 48 7
20 35 7 13
6 39 31 1
2 3 16 14
22 28 29 16
22 43 39 41
19 21 14 44
5 26 50 20
45 17 11 46
48 29 28 32
34 17 24 42
0 42 40 40
9 11 2 9
50 11 26 7
46 8 41 43
13 3 15 4
28 44 36 11
3 4 43 44
19 28 11 26
43 2 33 26
2 41 38 1
40 12 36 13
49 39 24 38
47 32 22 14
42 38 37 13
20 45 20 19
16 5 13 43
36 44 45 43
49 29 2 45
22 2 24 15
29 12 34 42
29 43 28 24
29 17 47 41
22 15 39 38
30 14 36 12
42 9 5 20
42 37 12 31
38 16 23 18
40 22 12 12
12 37 26 4
1 13 37 38
30 20 27 47
43 41 5 13
1 39 34 20
40 3 39 6
23 29 19 21
26 43 37 48
13 26 41 37
25 12 18 39
7 41 47 37
44 50 19 19
1 12 41 11
3 5 10 50
45 19 25 19
23 37 37 40
43 10 14 24
42 2 8 25
11 18 31 46
10 24 37 24
30 1 49 28
43 30 19 25
31 30 26 41
31 27 18 18
6 8 30 42
16 38 14 12
41 23 43 39
10 22 38 9
23 41 23 14
21 26 36 12
42 5 21 7
33 14 25 48
25 4 14 12
44 44 3 24
32 25 40 23
43 32 45 16
35 45 6 4
42 37 34 14
10 32 31 12
26 49 42 31
18 6 31 44
17 9 47 48
20 35 32 49
36 23 41 37
48 48 43 39
8 8 40 6
31 10 41 19
38 7 29 20
40 34 3 33
40 1 42 40
17 13 49 20
10 33 3 4
16 11 24 38
21 20 37 13
13 6 24 30
22 42 14 38
18 48 25 12
36 23 12 22
48 22 36 35
40 47 43 15
6 47 16 50
23 27 23 33
4 25 15 29
3 23 44 29
5 36 2 15
11 36 15 15
15 8 26 28
24 14 50 1
32 15 49 10
18 27 28 48
50 43 2 47
49 25 14 47
40 20 18 42
4 1 15 3
36 35 2 20
14 29 12 35
42 38 24 3
8 14 25 39
24 8 29 20
26 24 34 34
15 15 13 34
24 2 3 39
2 48 43 35
29 2 47 48
30 9 1 44
4 8 36 7
13 26 36 32
4 21 23 22
34 43 29 21
7 34 19 47
12 30 8 8
19 25 7 45
40 27 10 40
5 6 21 23
17 25 25 17
19 40 45 47
41 49 35 18
0 25 6 42
6 10 2 42
23 5 35 13
37 26 21 10
4 43 21 33
27 2 47 6
36 39 29 4
5 20 16 43
15 45 39 48
31 19 46 3
1 9 42 47
40 39 43 28
42 50 8 28
15 23 26 48
11 9 37 24
44 20 40 6
23 25 49 4
15 38 7 28
1 23 39 49
18 10 25 29
15 18 39 24
39 12 14 31
23 27 5 9
30 29 32 43
26 38 2 13
50 45 28 8
10 42 21 40
48 7 38 48
24 3 28 38
47 50 50 42
2 24 17 2
43 1 43 37
46 47 40 6
43 22 22 30
30 34 10 48
15 24 23 37
1 49 26 45
33 42 15 24
34 27 3 41
27 36 48 42
3 46 42 34
38 10 43 21
43 50 9 17
35 11 6 17
29 31 40 2
46 50 16 18
33 31 37 12
27 7 39 21
24 24 41 42
5 26 37 11
18 42 39 7
13 41 43 32
23 32 3 32
22 10 27 32
31 14 14 36
13 49 36 23
44 8 34 46
16 38 22 43
27 11 21 35
42 23 24 26
14 3 40 9
17 44 34 9
6 22 45 22
42 14 11 9
9 1 3 37
22 30 31 48
12 34 8 39
18 11 42 12
43 39 45 5
13 27 15 25
20 44 21 40
49 50 11 23
35 32 29 13
36 13 5 9
42 2 24 23
23 30 15 44
19 16 28 14
31 38 29 19
12 9 7 32
23 23 3 46
36 28 41 28
16 19 41 31
5 43 1 17
39 12 12 16
8 19 3 39
26 4 50 11
29 2 26 43
22 42 42 50
10 45 26 21
41 9 37 6
36 28 34 15
46 49 15 32
29 14 18 6
9 28 21 34
39 13 14 13
17 14 4 2
5 29 30 46
37 24 1 18
3 28 5 1
35 23 39 37
38 30 8 46
31 20 33 13
48 30 3 31
35 10 44 46
28 27 8 40
26 42 44 34
32 3 32 18
25 38 21 25
16 5 39 34
26 24 14 4
22 19 43 48
2 15 24 2
49 32 47 40
43 33 33 45
10 4 1 8
47 48 28 43
20 33 7 24
31 40 30 3
19 43 25 2
39 23 9 7
31 6 4 26
19 11 1 15
42 21 16 11
17 29 45 32
1 11 8 43
13 13 47 26
18 29 31 34
27 23 30 12
27 35 46 9
20 35 37 5
48 6 4 1
29 1 17 22
19 10 23 17
4 35 37 8
3 4 37 24
16 3 36 1
18 31 12 8
16 14 50 18
12 4 10 50
35 46 15 30
28 44 25 46
44 39 32 7
41 37 39 19
8 7 33 27
35 37 9 6
1 46 50 17
1 37 47 44
41 39 21 22
3 38 30 18
26 30 40 1
12 48 48 4
44 9 36 24
23 36 35 39
36 4 20 13
38 27 48 37
19 11 39 42
35 49 7 36
29 39 25 45
21 43 19 39
13 46 45 18
43 23 15 17
25 32 27 44
18 26 35 24
31 49 50 18
41 48 49 26
43 21 13 34
1 42 48 4
20 35 13 19
5 30 2 47
24 35 41 38
46 44 25 28
36 7 9 17
29 30 33 29
1 16 40 14
28 29 32 28
48 22 32 35
36 3 6 32
7 12 23 22
25 15 26 31
13 19 24 17
32 20 40 19
29 2 36 25
32 41 20 8
35 16 36 42
32 32 27 34
0 40 26 4
3 26 47 13
42 6 26 14
14 42 20 33
35 45 13 32
17 31 18 50
26 16 42 48
2 24 20 20
12 9 21 47
26 18 47 24
38 13 41 46
17 4 42 30
21 16 30 29
31 28 6 28
22 14 18 42
17 48 48 26
50 29 37 5
22 9 18 22
11 34 45 38
12 49 37 49
1 23 38 13
40 47 1 27
43 41 16 12
13 45 1 9
4 14 13 2
47 19 38 27
20 16 46 7
32 5 26 26
9 3 30 35
34 24 32 19
2 13 41 50
34 11 46 4
9 5 7 44
32 12 49 25
28 18 11 3
33 39 1 10
4 3 35 23
12 32 19 46
14 30 13 37
44 35 20 8
9 40 3 44
2 27 18 47
47 35 3 41
40 17 39 49
40 14 50 20
2 23 32 27
8 4 42 18
21 29 1 16
32 14 6 18
28 43 7 31
11 4 26 33
11 31 9 19
7 13 22 28
2 38 33 12
29 3 5 7
9 47 26 43
25 2 42 35
40 35 34 31
4 17 39 5
19 50 7 45
3 3 20 30
14 18 37 12
22 10 2 2
11 13 13 29
27 50 35 8
8 34 9 30
42 17 11 27
32 16 49 18
47 15 40 37
9 37 47 12
0 38 35 41
25 12 15 18
40 45 28 8
19 5 43 8
49 32 10 11
46 40 4 43
33 11 27 22
42 24 45 32
46 29 40 39
34 34 20 25
39 3 42 3
6 1 41 47
30 34 4 8
3 45 6 23
28 39 1 12
35 45 9 25
48 27 48 25
18 16 25 6
48 38 27 49
50 12 2 31
22 33 40 14
9 11 29 3
2 36 38 16
11 14 20 49
6 49 17 45
34 37 37 5
8 8 33 35
23 20 42 1
50 41 2 14
2 16 28 38
36 47 15 30
30 11 47 26
31 43 32 17
14 23 3 9
23 30 10 11
32 25 1 12
31 20 19 34
2 46 18 24
6 37 50 18
23 10 11 33
4 15 2 4
16 13 36 35
2 49 33 3
24 32 16 1
0 44 2 22
36 23 43 43
14 23 25 29
49 11 30 45
27 13 18 24
28 31 45 24
17 3 26 19
14 37 5 17
28 50 44 6
12 9 38 40
50 22 11 14
23 15 7 39
42 46 39 29
44 1 5 30
9 11 4 42
11 15 1 8
29 40 38 44
16 21 50 2
26 8 1 4
23 32 32 37
4 6 26 28
26 22 32 38
22 33 43 48
41 12 21 11
18 13 13 49
3 42 20 17
4 39 37 22
24 49 31 17
41 2 41 41
28 42 21 19
17 26 8 22
46 21 17 24
33 46 19 13
33 43 8 7
44 22 9 5
27 39 13 15
46 41 14 12
21 47 12 14
12 47 27 6
33 4 30 25
15 1 27 9
48 18 19 19
9 12 5 12
45 38 37 45
27 23 47 10
34 7 47 5
9 6 5 7
28 21 5 30
37 14 25 9
16 42 50 9
2 10 34 20
28 6 38 39
11 21 23 28
12 17 39 43
30 41 42 1
9 32 7 20
31 17 9 17
11 27 3 19
12 24 10 29
26 28 38 40
25 40 21 7
34 27 24 14
35 41 37 22
42 39 24 46
11 16 10 8
28 47 36 13
45 39 50 7
5 30 44 45
31 28 5 17
33 46 8 37
26 47 31 25
5 15 19 38
7 28 33 11
27 27 46 48
30 26 9 13
5 20 30 22
21 16 15 36
4 44 5 9
27 17 8 39
28 34 6 34
1 14 17 10
44 39 8 8
7 31 23 18
26 7 46 34
48 47 37 41
37 35 43 49
3 13 37 23
48 10 34 12
37 6 22 44
23 16 43 19
27 26 13 26
27 35 47 26
24 25 28 3
29 37 33 49
0 46 48 29
5 7 3 27
36 50 9 16
27 6 26 16
48 5 6 21
36 36 30 29
45 38 7 20
37 42 48 32
29 11 44 23
44 6 21 17
49 47 1 10
48 42 14 7
33 38 12 41
7 33 24 32
8 6 10 17
29 46 40 40
23 28 10 15
7 2 38 17
16 35 42 27
30 49 29 4
5 6 42 41
7 47 4 3
29 32 19 19
27 46 31 4
17 19 50 24
2 42 7 26
35 12 25 37
9 42 15 43
4 32 30 35
28 14 43 16
0 1 33 47
22 8 33 45
10 39 10 25
29 16 32 2
31 15 46 34
28 3 7 32
25 50 36 38
45 44 41 17
50 2 36 50
48 42 50 13
4 13 45 22
23 21 27 20
35 18 11 1
27 27 4 18
42 44 22 24
40 29 34 31
6 25 14 35
29 23 43 38
29 11 23 19
37 18 20 11
19 23 9 38
41 28 23 20
46 8 42 23
12 16 40 48
32 31 47 23
9 10 49 32
5 13 2 46
34 6 5 38
30 28 5 32
23 5 49 30
19 40 37 45
26 18 6 19
18 17 45 48
25 6 8 38
39 15 28 12
3 44 6 37
34 49 15 31
13 18 25 49
42 45 26 45
42 42 44 22
41 7 48 20
47 23 5 50
44 12 4 37
20 25 12 27
31 7 4 29
29 8 23 1
41 9 41 25
1 36 23 31
42 31 29 22
27 14 39 10
20 21 28 27
41 22 26 9
40 25 31 38
49 37 31 22
0 39 9 37
50 9 27 44
49 44 42 2
30 10 22 32
13 4 9 17
11 17 32 46
13 24 32 24
0 49 5 44
36 4 31 29
42 31 28 3
9 49 1 24
19 31 18 5
21 16 45 15
12 38 13 12
15 17 10 27
17 10 40 43
4 43 33 22
33 12 11 46
45 33 24 29
38 14 7 25
24 14 14 30
39 22 4 50
37 33 41 35
16 28 10 29
8 38 21 22
50 41 30 41
2 18 27 13
32 34 21 38
24 4 8 39
15 39 8 32
26 31 45 20
26 7 3 1
25 28 50 6
23 16 39 6
13 8 23 44
22 23 13 21
14 16 1 12
31 5 5 10
32 25 7 35
10 40 34 43
27 36 1 21
43 34 31 7
33 50 24 1
37 21 20 47
21 34 29 38
45 19 48 47
23 16 31 32
44 32 4 39
37 26 43 6
38 8 27 4
17 28 2 11
5 19 19 9
19 3 6 42
11 13 14 22
21 47 28 8
14 43 50 16
42 44 19 43
44 8 32 9
3 36 40 12
27 35 32 11
39 49 28 45
17 10 36 49
31 45 2 34
22 28 23 47
18 37 3 30
43 13 47 13
42 25 31 26
13 31 48 40
8 2 10 11
29 7 18 12
46 32 31 22
12 13 39 7
46 15 35 15
16 36 47 31
2 35 37 29
43 19 5 11
7 19 17 6
1 28 40 15
39 34 18 48
21 8 39 42
5 6 2 36
31 34 13 16
15 42 1 13
14 13 38 29
42 43 12 16
43 48 19 31
26 2 43 9
44 49 31 24
2 37 35 27
13 34 27 46
33 25 37 36
27 18 37 48
16 32 49 39
27 48 20 12
15 10 10 14
22 32 9 38
13 42 17 17
24 27 12 18
35 50 14 46
21 28 43 18
46 14 48 23
2 11 46 11
36 2 47 36
32 14 48 47
21 45 7 25
3 8 20 33
39 33 36 6
2 40 5 10
23 30 47 35
38 5 32 9
9 10 15 6
50 22 5 12
0 13 18 42
26 43 2 37
3 35 17 28
34 36 31 47
9 32 32 6
43 47 10 46
3 40 25 25
48 27 26 12
10 1 7 23
30 32 17 47
9 28 25 48
39 1 45 11
10 10 47 40
15 26 36 10
40 22 27 34
5 27 48 48
10 39 29 46
30 22 50 21
1 5 2 8
37 15 32 44
40 22 40 27
0 45 15 42
47 10 14 12
21 11 40 23
10 18 22 2
31 18 47 11
48 39 5 20
0 16 21 8
5 4 49 18
17 3 5 28
49 20 37 16
46 16 43 50
4 12 34 31
0 21 39 25
3 49 45 4
46 21 11 47
11 30 47 37
27 47 3 28
44 7 32 46
11 8 42 18
35 24 10 16
18 20 26 14
21 16 33 11
19 40 34 4
37 27 8 5
47 34 17 32
6 44 49 38
1 22 31 9
9 7 2 5
34 9 24 16
32 2 27 25
45 35 14 8
24 22 32 44
19 18 44 49
46 12 27 49
32 36 19 32
45 26 44 11
6 38 22 36
0 44 20 17
43 32 8 5
34 14 29 13
4 20 15 36
26 35 50 40
14 19 4 4
23 30 47 1
46 9 41 17
20 12 15 4
7 48 22 47
0 48 18 45
