990 3
48 34 3 46
49 20 29 46
37 41 15 7
20 35 15 43
47 19 28 11
13 21 35 28
29 27 42 1
26 47 33 24
36 9 30 22
13 30 43 22
48 16 30 34
25 11 33 7
6 40 38 37
36 24 34 27
17 37 45 39
43 18 35 39
46 47 9 37
17 1 32 14
25 37 11 29
36 5 41 33
48 2 47 38
2 11 31 10
25 5 15 48
41 30 28 29
28 7 36 42
6 12 7 2
15 5 44 39
46 11 28 5
16 14 21 24
47 29 45 39
9 40 46 45
22 12 48 31
47 9 45 28
46 12 27 46
3 40 6 8
4 20 7 23
26 21 30 13
37 7 46 17
25 19 18 15
47 1 17 7
3 20 47 9
30 48 26 19
0 9 12 3
10 11 43 22
44 22 39 25
18 35 6 44
7 10 47 2
11 28 11 16
1 22 36 49
46 29 45 8
15 46 7 14
13 47 49 1
44 14 3 16
39 5 13 47
30 2 18 32
49 9 32 13
7 35 8 9
42 22 17 19
48 23 46 4
30 26 28 38
39 19 36 12
30 42 37 10
28 9 9 16
2 3 36 1
49 22 25 29
37 9 13 40
17 31 47 3
41 16 45 1
14 48 35 41
9 25 7 41
18 11 34 44
46 48 29 24
38 46 47 10
46 25 43 37
41 18 21 48
49 40 23 43
37 40 10 30
41 28 35 22
12 40 45 43
31 48 33 1
26 11 17 22
34 29 28 12
47 49 22 22
7 5 45 42
28 19 2 35
21 6 22 32
3 17 2 16
47 5 23 7
15 20 21 17
7 30 18 46
2 4 47 41
47 35 10 23
9 33 16 1
19 35 1 27
42 46 40 30
33 24 36 1
23 40 7 43
15 49 4 30
17 39 1 12
28 44 6 9
32 36 14 34
22 35 6 22
45 46 6 37
42 35 21 13
37 26 30 38
6 20 4 31
20 2 40 14
3 16 29 16
35 42 26 6
47 45 42 37
0 46 30 31
27 5 48 22
25 14 5 7
5 28 13 33
16 25 18 35
42 33 42 41
24 30 21 25
40 5 45 30
25 45 9 42
23 3 38 18
44 5 47 41
33 41 36 45
28 14 11 35
19 18 9 41
33 47 47 33
43 4 13 4
35 13 33 5
11 34 23 14
1 25 48 31
13 1 49 5
20 5 9 40
0 14 23 44
13 45 39 9
24 11 5 35
35 38 26 24
15 25 41 6
39 21 27 20
31 25 7 38
34 2 12 29
43 17 5 34
30 33 13 14
36 5 31 31
20 1 42 25
5 47 12 29
17 11 39 16
12 31 5 16
17 34 13 1
14 19 5 10
20 35 11 4
10 29 1 12
7 14 23 11
40 14 4 1
17 46 46 28
45 22 7 35
38 44 22 32
13 43 46 16
7 15 5 2
26 22 1 47
0 3 49 18
0 16 18 4
49 22 16 29
32 10 23 16
42 31 17 30
6 41 4 43
15 39 17 48
39 17 38 5
0 21 27 18
3 34 11 5
22 12 4 19
2 31 1 23
20 22 40 44
30 23 12 27
34 33 29 37
44 35 46 38
3 4 28 47
25 45 24 41
3 23 36 8
29 23 7 43
40 1 43 34
39 46 21 6
43 28 44 45
3 41 35 14
42 19 25 12
34 4 24 8
46 17 48 30
32 45 34 32
39 5 41 9
35 38 16 25
4 39 37 47
20 18 10 24
2 20 39 45
9 28 19 19
30 46 39 29
28 43 18 38
49 26 38 31
43 15 25 17
35 2 10 48
44 32 24 29
18 28 21 31
22 46 3 46
45 23 7 16
28 36 38 27
15 40 41 49
7 44 13 36
13 3 33 13
40 44 48 33
11 2 49 11
5 40 13 2
11 8 1 20
41 18 41 33
1 1 13 15
25 38 46 16
38 22 16 25
3 35 27 19
40 39 33 16
8 36 27 32
12 43 39 49
26 30 21 29
48 22 36 45
24 45 44 21
27 16 19 17
48 16 28 17
46 23 10 5
6 3 9 3
11 42 43 2
21 8 31 17
22 12 15 25
25 32 16 23
30 36 16 13
38 25 40 44
44 19 33 40
12 30 13 43
10 9 41 36
17 29 10 18
43 18 22 29
9 39 36 20
34 42 5 9
24 49 41 5
32 28 12 33
25 27 18 44
9 34 23 32
32 20 34 16
49 13 9 26
17 36 16 2
12 3 5 42
43 6 27 12
38 39 6 42
28 12 37 14
18 25 48 24
18 17 36 43
18 12 47 25
42 29 6 41
4 36 23 18
16 46 10 8
18 22 38 26
40 2 44 11
47 37 9 47
49 39 42 43
19 17 8 12
19 38 36 36
25 11 10 47
18 15 46 45
6 20 33 42
26 1 1 12
4 37 18 1
1 37 22 1
35 26 6 38
47 46 41 2
27 39 44 47
30 11 8 32
30 9 35 30
6 24 37 39
4 37 30 36
48 5 36 16
7 45 35 14
17 34 44 14
42 49 43 16
9 33 26 10
24 44 36 7
46 15 40 8
7 21 26 21
11 48 35 45
31 31 17 8
45 21 38 29
23 4 43 34
46 44 42 6
10 10 6 6
14 39 41 30
49 12 31 30
15 7 42 36
35 6 36 12
47 37 32 42
8 28 21 1
30 30 5 38
47 15 21 37
9 39 44 41
0 45 1 47
43 20 5 46
8 45 44 2
15 35 12 29
28 47 35 35
16 9 34 19
21 46 3 6
15 5 42 26
34 5 38 10
39 8 14 22
47 10 24 23
25 9 36 23
4 7 24 31
1 36 9 20
49 27 29 45
35 18 15 49
2 21 6 43
20 3 48 23
26 40 40 10
47 38 23 28
24 45 28 35
7 37 19 32
37 27 40 26
24 12 12 49
27 39 21 9
1 6 13 48
23 15 26 4
47 9 38 22
2 19 29 19
42 2 31 30
9 26 14 13
20 28 44 43
43 47 45 38
18 39 7 14
39 22 12 21
24 27 14 12
12 35 31 28
23 49 2 42
1 7 1 46
45 9 6 41
14 28 8 47
40 10 4 20
49 9 48 46
32 31 30 35
35 14 14 16
16 5 24 29
45 4 42 15
12 47 30 23
46 30 43 47
0 34 14 14
25 3 22 3
29 21 41 5
33 30 28 42
6 21 40 8
13 22 42 42
46 28 31 25
8 18 12 18
22 30 32 24
47 19 12 49
14 19 29 1
41 23 26 16
6 47 25 49
33 33 25 36
47 10 36 14
26 24 45 47
31 7 10 37
28 23 5 23
49 12 26 23
24 15 36 43
16 21 40 35
9 13 41 12
21 20 47 39
2 29 20 25
19 4 41 48
2 14 10 8
17 42 18 21
44 43 3 9
42 33 45 19
47 43 39 38
14 44 29 28
2 40 41 39
46 36 19 7
41 26 34 30
19 11 12 39
46 25 14 15
12 1 22 4
32 18 24 42
44 48 17 7
37 5 32 43
20 17 7 10
31 4 38 14
4 39 7 24
15 3 14 18
44 29 11 46
2 6 15 45
7 36 26 16
34 15 36 1
22 5 35 22
33 24 26 16
6 34 31 12
4 30 49 41
23 45 2 24
3 11 28 39
18 39 20 2
49 36 21 32
8 7 11 33
27 43 3 37
29 31 8 23
23 18 11 38
20 30 25 44
21 18 46 33
6 47 2 15
11 27 5 7
45 29 42 6
49 4 19 20
20 10 41 27
41 8 31 46
5 10 15 13
17 30 49 22
46 45 41 32
2 33 17 23
18 44 1 27
41 27 12 21
19 7 30 27
40 29 29 33
29 4 26 22
42 18 4 30
13 46 7 49
48 12 33 10
15 39 19 35
26 30 33 41
3 1 18 16
30 25 11 4
46 10 48 22
30 17 38 22
10 9 49 4
8 14 15 4
33 13 16 37
9 23 29 10
17 28 25 19
49 49 15 43
43 5 21 28
40 17 49 26
24 17 37 33
2 21 41 30
25 31 35 28
34 12 1 23
45 8 36 2
1 10 28 2
45 22 44 10
23 29 34 48
24 26 21 17
0 29 39 41
25 18 37 46
34 47 28 25
21 13 15 21
22 13 5 16
29 41 20 34
29 13 33 7
17 33 1 19
9 22 17 42
43 41 12 49
42 37 38 46
27 45 39 35
48 47 20 15
23 23 45 27
33 12 31 5
23 15 9 43
28 42 7 40
6 21 43 16
19 4 9 32
3 36 26 10
7 30 35 48
8 30 38 23
46 17 19 11
39 18 4 42
48 28 8 44
30 41 16 17
12 39 28 1
29 47 20 2
37 47 35 43
28 7 13 38
1 4 6 38
31 22 14 45
45 12 47 31
34 10 29 47
36 47 2 17
24 47 9 30
42 29 24 8
27 26 22 7
39 44 4 36
0 37 40 30
16 18 21 10
20 23 6 45
2 49 22 2
25 44 10 13
22 49 2 13
25 35 16 15
42 28 36 33
13 42 29 37
39 9 10 15
2 24 36 36
2 25 25 49
2 9 5 12
19 12 13 4
1 9 43 19
0 47 38 16
32 34 24 42
10 13 36 13
39 35 2 27
17 47 17 23
16 33 10 25
13 23 25 9
30 11 1 6
15 42 10 38
47 22 47 40
19 2 13 35
10 15 12 3
23 16 8 8
31 1 43 27
25 43 41 18
36 37 18 46
15 46 22 42
13 34 9 21
5 47 47 5
42 26 22 39
21 28 49 9
37 27 7 2
33 10 44 49
14 25 31 3
28 32 30 39
4 33 33 40
46 4 31 14
22 19 12 6
12 20 15 44
20 42 22 47
28 10 35 30
10 37 43 5
18 44 47 5
48 8 25 42
26 16 5 43
29 18 39 48
17 21 27 5
48 17 37 23
14 29 7 38
33 43 23 19
37 16 22 11
8 25 37 3
6 22 18 11
6 34 41 21
23 48 26 24
7 18 26 14
3 12 4 1
0 43 25 48
31 31 15 34
3 39 27 18
4 33 2 6
3 33 32 36
42 8 16 8
24 14 19 5
3 18 8 14
47 37 6 42
41 4 49 29
40 41 49 17
18 29 12 41
32 28 38 23
34 36 44 4
1 26 21 7
44 23 24 42
39 48 45 36
8 12 23 1
17 6 15 5
4 5 30 33
8 49 37 32
6 47 42 27
21 27 22 15
33 19 30 28
14 47 36 48
45 7 12 3
26 37 1 16
43 4 42 22
15 12 23 35
38 4 35 14
24 41 42 3
41 15 16 1
28 7 24 45
43 10 26 42
41 36 9 12
40 44 14 21
13 33 7 10
5 43 21 33
7 8 30 49
29 30 10 17
3 12 21 22
5 1 26 30
24 6 30 40
2 1 44 25
48 24 26 47
20 42 4 5
12 48 29 46
17 3 30 6
28 8 29 5
43 29 15 40
46 3 37 1
8 18 19 22
6 4 5 11
6 7 15 26
47 38 17 48
43 41 14 47
35 1 4 15
8 23 7 31
17 8 26 22
18 17 36 37
6 12 29 15
30 32 39 11
14 20 24 3
2 3 37 22
25 13 46 27
31 2 2 37
3 19 8 28
31 49 7 7
12 24 37 38
17 49 4 32
25 4 2 31
3 13 1 27
3 16 38 39
48 3 14 21
8 49 47 32
47 29 9 29
47 30 39 10
28 15 45 29
32 37 32 9
42 38 17 6
4 25 5 35
37 49 6 27
6 43 33 2
34 41 19 15
18 15 41 6
36 14 29 15
43 43 17 31
7 27 28 41
46 8 7 34
34 35 37 43
17 3 13 9
25 42 46 9
30 18 49 3
10 30 39 27
3 38 9 28
26 7 19 16
20 42 28 27
47 18 16 43
40 26 47 30
42 31 5 33
4 2 42 9
47 32 44 29
41 25 22 34
36 2 15 7
10 36 20 15
22 47 24 48
13 4 31 11
26 49 7 31
24 47 28 1
32 44 26 22
38 14 45 20
49 10 27 16
18 4 6 4
11 5 5 1
20 43 22 29
44 43 16 20
40 16 7 18
5 5 37 20
16 35 45 23
20 34 47 37
2 34 18 19
46 21 39 14
20 10 25 13
20 2 37 24
27 37 22 33
44 23 31 5
9 23 35 31
38 9 40 32
45 14 4 18
37 39 16 25
0 10 33 30
37 6 1 14
3 24 12 2
2 46 21 12
23 11 44 4
26 10 24 31
23 21 22 2
38 22 42 5
37 31 19 24
29 47 8 25
5 10 25 29
49 19 25 15
4 24 47 29
40 45 2 41
42 5 49 20
48 17 1 37
31 30 11 6
44 30 26 47
0 24 22 8
28 36 18 18
6 4 18 20
8 25 45 27
48 31 38 43
33 4 43 49
43 21 5 3
48 19 14 10
11 21 35 3
15 40 35 49
35 41 17 44
3 28 34 36
49 16 31 24
33 7 38 45
31 27 47 40
1 30 43 30
5 32 40 30
26 10 29 24
11 30 40 46
45 24 42 31
46 11 2 19
39 2 42 18
29 20 48 21
48 27 21 29
39 24 26 39
21 49 9 5
22 24 45 29
21 31 18 35
28 8 44 34
45 42 30 49
33 18 49 7
41 1 29 18
14 34 17 30
20 37 32 40
41 25 42 13
7 35 45 18
46 8 24 22
28 15 39 12
41 11 26 6
29 28 49 10
17 18 26 34
0 33 22 33
29 25 14 41
1 48 18 8
21 14 45 28
16 49 8 9
3 23 18 21
33 12 12 49
37 9 43 39
25 4 17 46
0 11 30 44
0 30 44 36
15 49 36 5
9 24 42 26
46 16 7 35
7 19 6 20
41 44 13 42
2 18 9 32
20 45 23 8
27 41 9 43
7 26 44 43
13 29 38 49
41 36 39 31
23 24 42 24
36 17 34 15
26 32 26 4
29 11 49 48
49 31 43 13
29 48 30 11
44 34 18 47
3 44 44 42
41 31 9 3
7 6 35 17
26 32 8 46
7 19 33 29
22 7 8 27
40 27 2 14
5 45 15 15
20 6 41 40
0 26 17 46
13 42 16 9
19 48 21 28
7 5 18 8
25 28 37 46
44 23 10 16
8 3 12 7
16 22 28 4
29 16 25 42
20 22 48 3
24 31 48 16
19 48 46 7
29 40 9 3
35 26 20 9
0 32 40 6
3 15 23 29
11 2 44 2
40 3 3 46
16 35 31 2
46 1 18 3
36 6 48 24
22 5 37 31
38 7 3 34
18 44 3 46
41 7 39 41
0 1 13 21
32 29 41 11
10 21 38 27
44 43 31 14
22 26 28 35
11 4 43 7
48 42 40 23
3 31 41 34
30 9 18 32
22 31 17 45
34 19 42 5
9 5 44 46
17 2 34 20
23 37 33 23
33 21 38 6
31 29 46 27
19 7 20 42
37 31 38 43
8 42 25 25
1 37 22 37
2 38 10 47
33 43 3 28
37 14 31 7
23 14 6 15
46 30 16 42
12 14 16 10
12 31 37 22
10 34 22 35
15 45 11 36
36 15 11 16
0 46 13 26
1 5 38 35
40 2 14 21
12 4 13 1
37 44 39 28
19 42 43 19
0 31 47 30
22 9 21 24
1 41 12 44
13 21 37 6
29 46 16 19
46 20 2 25
46 29 38 32
45 26 46 19
7 9 6 49
43 40 6 20
19 36 29 8
14 7 33 41
10 42 29 30
7 28 44 16
47 32 10 41
12 48 46 14
1 5 8 30
40 22 11 20
31 39 26 29
3 17 17 33
36 13 6 24
38 43 7 39
41 5 19 35
42 25 14 26
39 20 15 42
23 37 38 18
31 10 43 19
40 28 26 9
16 46 37 31
7 32 43 3
39 5 21 1
43 39 18 30
44 19 15 5
3 41 38 7
22 1 2 45
47 14 6 6
38 36 32 41
14 44 13 29
46 45 28 35
4 1 32 49
23 25 18 39
49 32 21 2
34 17 43 16
21 36 5 42
38 18 42 44
25 20 25 29
2 31 24 24
38 1 19 48
28 35 39 31
46 1 21 32
3 26 47 14
38 2 27 37
10 31 8 39
28 41 15 35
37 47 24 31
27 7 36 33
16 39 8 43
9 17 17 49
31 13 28 5
33 2 39 7
32 36 12 34
6 9 21 26
43 14 10 24
34 45 42 49
22 48 46 17
5 33 12 7
33 20 4 13
27 14 21 12
4 29 40 15
40 37 37 21
44 34 3 34
38 19 25 18
18 12 29 36
25 33 4 23
7 47 1 43
33 36 36 45
47 39 11 3
10 24 28 36
19 40 16 23
44 48 38 31
7 10 20 37
3 25 25 23
18 48 42 38
45 43 47 17
32 3 34 34
13 36 27 43
11 32 20 3
18 42 20 23
8 46 12 14
8 25 4 34
27 24 4 23
30 8 14 41
15 19 37 38
24 22 12 17
41 17 25 37
47 39 30 18
3 7 32 13
16 10 38 21
36 11 44 32
41 31 16 23
10 35 22 18
9 24 7 47
16 28 6 11
31 5 17 39
27 4 1 13
26 47 13 45
22 46 33 3
4 46 36 24
21 18 21 27
23 3 27 47
2 9 4 45
38 28 17 23
14 11 31 1
47 49 21 15
44 24 28 17
12 15 15 16
12 15 3 46
45 11 14 31
15 44 40 29
26 38 48 7
30 14 25 43
47 45 3 36
9 21 19 24
10 48 33 11
28 40 10 4
38 5 13 31
20 24 27 48
13 18 19 13
40 31 29 48
34 18 30 38
15 37 7 14
18 1 22 5
47 5 21 44
49 1 42 30
7 20 42 18
13 39 22 18
25 36 34 23
16 20 28 35
29 12 4 8
47 3 14 4
10 44 28 2
7 17 7 10
11 49 21 36
45 46 47 38
43 21 4 33
42 4 23 36
5 11 33 26
33 6 20 40
42 12 3 44
3 49 49 27
19 3 40 2
12 40 29 40
31 21 24 36
