833 3
28 30 34 19
26 25 36 22
10 39 18 25
35 22 3 25
12 42 24 16
23 28 31 43
50 25 35 17
30 2 13 36
42 18 19 50
19 12 40 42
41 49 35 15
50 1 7 2
6 13 2 42
22 5 29 47
11 19 46 22
17 7 11 28
8 25 13 19
42 42 2 4
48 30 43 11
28 18 46 50
25 10 39 41
40 24 5 7
43 28 1 8
3 50 3 26
32 30 10 49
7 18 4 16
2 24 38 8
42 36 22 29
29 14 35 23
27 26 36 47
19 24 24 37
39 16 27 37
21 45 38 27
12 2 43 11
29 41 17 23
41 19 41 20
14 11 41 18
23 40 15 48
11 28 15 44
26 31 43 39
27 19 9 19
27 13 8 19
39 23 33 31
44 17 25 23
27 24 30 28
14 17 8 12
32 2 6 46
35 37 31 2
3 24 9 7
21 43 29 20
19 3 41 28
29 3 10 11
21 29 31 8
0 38 25 8
36 22 26 33
11 5 47 23
49 34 45 34
28 35 14 2
48 41 8 18
30 23 36 38
31 27 47 20
25 48 21 46
42 49 47 42
32 22 10 16
7 18 49 29
49 19 42 48
32 8 23 26
15 14 34 28
20 36 19 41
15 20 29 48
35 31 26 15
8 26 40 20
19 36 7 26
19 50 21 47
11 12 5 13
13 1 16 46
13 30 15 6
36 31 3 31
17 39 34 43
18 33 7 20
39 13 9 18
38 38 49 7
48 8 30 47
1 48 42 33
28 11 20 23
22 22 18 27
50 27 25 49
48 44 25 16
9 27 28 21
10 50 14 1
3 40 47 13
37 40 5 27
23 31 33 36
38 14 4 49
15 12 14 47
23 37 22 38
8 12 16 2
8 48 20 33
44 40 3 13
29 9 29 4
36 12 37 36
29 36 42 17
35 40 19 35
21 12 47 34
37 14 20 16
36 29 21 3
14 46 30 37
35 6 5 37
21 10 15 28
48 22 16 25
20 19 16 42
47 20 10 47
0 9 39 33
16 38 23 22
1 36 23 1
32 22 22 50
50 27 33 6
39 33 1 49
8 45 35 25
16 49 43 50
16 22 22 42
12 14 39 20
39 14 37 5
21 36 40 18
2 13 50 31
33 17 14 13
4 32 24 42
2 16 12 39
14 3 24 17
10 42 27 30
22 26 15 23
36 9 17 29
39 18 39 50
19 15 15 16
7 40 40 18
40 19 39 36
25 29 9 4
23 11 15 6
48 30 2 12
30 42 20 31
44 35 41 33
5 25 4 11
1 19 49 27
11 35 32 17
25 44 38 10
21 36 16 34
1 34 35 29
16 38 33 43
38 46 1 4
6 2 16 41
45 25 48 46
6 34 14 39
22 10 27 32
38 5 38 28
10 48 47 43
39 43 20 8
9 6 37 42
11 21 33 29
2 30 44 40
24 23 29 39
2 26 20 16
31 3 20 2
3 44 34 2
45 6 19 42
8 31 8 50
43 23 27 43
4 41 8 45
1 43 27 39
14 44 9 35
37 40 12 39
24 50 17 28
37 39 30 1
18 18 37 18
11 23 22 29
46 49 49 11
38 11 33 25
15 7 45 12
5 3 50 46
45 24 49 38
31 25 23 28
6 25 21 17
15 12 34 44
12 24 39 19
40 20 8 20
23 28 50 33
13 44 12 22
4 35 47 23
43 12 48 11
35 33 5 44
7 5 41 12
21 49 25 32
1 1 12 39
41 29 20 17
48 14 11 3
10 15 16 21
26 37 34 39
49 23 24 31
8 37 35 9
16 28 36 32
32 27 2 42
34 13 45 40
16 23 31 50
0 13 26 40
43 30 1 12
19 23 44 6
14 19 21 36
25 18 31 46
15 43 48 13
25 7 7 48
40 40 1 4
3 36 44 19
36 12 31 38
47 21 26 50
50 20 39 17
48 45 37 49
32 20 44 40
48 43 31 15
37 27 13 2
24 16 29 3
2 25 31 2
12 15 41 12
42 29 11 34
3 44 26 5
8 46 41 8
34 27 43 23
15 13 7 9
42 44 16 44
6 34 40 8
41 9 44 28
30 32 2 37
11 13 47 46
43 44 23 20
24 25 12 16
11 5 28 40
24 13 18 15
7 26 30 5
19 3 16 44
10 12 47 46
38 20 29 33
18 24 10 12
26 15 3 15
9 26 34 26
23 19 15 13
1 46 6 22
14 37 17 35
35 39 34 17
37 5 39 41
4 7 38 38
42 25 13 35
2 1 31 12
28 44 32 20
40 43 44 46
6 17 38 40
18 12 50 18
9 42 36 6
34 35 23 23
10 49 25 48
19 19 13 21
11 36 18 40
25 38 31 14
17 1 20 38
26 39 15 44
0 49 48 17
7 13 27 18
4 20 39 26
33 41 8 45
11 19 30 6
36 42 43 33
27 14 48 33
19 25 21 12
45 44 10 41
12 13 18 27
16 18 14 35
16 32 12 33
10 39 37 21
9 25 27 25
43 25 17 45
38 12 29 47
23 17 39 26
45 44 1 46
36 24 4 7
5 41 7 29
19 22 4 47
22 9 6 50
50 10 8 1
29 14 1 28
10 32 34 2
6 10 2 5
33 44 37 26
24 14 18 43
38 37 45 46
4 21 18 48
40 16 25 24
44 38 8 36
49 10 44 50
15 32 7 33
30 21 9 23
2 32 13 32
21 33 31 15
33 29 1 11
26 9 41 37
36 30 3 29
32 29 6 17
50 21 14 33
39 25 48 37
9 1 28 7
40 38 41 17
26 23 18 37
30 35 5 8
19 38 37 36
0 12 40 15
32 10 26 17
3 43 3 12
40 28 9 6
4 13 27 15
40 40 46 38
32 8 7 15
1 3 39 1
46 33 25 1
16 44 37 13
12 29 12 22
26 11 50 23
28 40 39 33
5 24 21 49
49 15 8 41
13 34 23 44
12 8 18 39
19 8 21 10
35 50 29 2
5 41 14 33
35 44 26 5
28 40 28 38
16 44 24 42
30 29 28 6
3 4 20 6
23 29 38 4
41 14 2 17
27 28 13 18
0 23 28 25
29 17 37 19
4 18 30 15
33 46 24 37
28 21 32 19
6 31 46 21
30 27 20 8
25 18 35 6
38 42 44 19
10 50 29 1
12 31 8 5
28 42 5 48
40 31 48 12
47 23 8 25
48 43 5 49
5 36 10 44
21 31 23 19
24 27 18 13
13 19 32 36
47 21 47 10
5 44 43 39
38 25 31 26
46 28 8 32
39 26 18 41
25 24 39 12
23 12 19 3
46 28 27 33
20 23 49 17
40 47 4 7
42 24 25 10
40 32 38 48
3 28 22 9
2 29 47 8
10 6 15 1
38 35 29 40
29 35 1 7
34 47 2 5
2 41 15 27
21 17 50 4
31 27 18 42
7 44 13 42
49 24 12 33
8 2 15 22
13 7 15 32
40 34 48 7
20 18 15 37
41 46 27 34
19 6 30 18
23 5 23 29
47 29 34 22
9 46 31 27
10 18 13 33
13 48 7 18
6 24 48 32
40 23 16 2
14 21 46 42
15 34 30 13
48 50 30 15
30 23 47 38
29 47 41 42
12 43 33 48
5 9 42 8
34 5 1 49
20 22 32 45
45 15 15 10
24 5 12 26
32 41 2 4
26 29 14 9
40 45 17 26
19 37 10 1
45 6 35 16
3 6 1 23
46 14 46 11
23 44 38 15
10 48 34 49
27 16 49 10
3 33 6 43
1 21 7 46
29 20 3 26
13 1 11 10
46 49 47 21
48 16 46 31
18 21 38 2
32 43 36 3
0 46 32 33
28 34 30 41
39 48 11 47
34 47 42 7
21 18 10 39
34 38 28 40
36 46 20 11
29 38 36 40
0 20 18 40
32 3 44 18
44 26 44 45
27 7 38 1
50 12 27 1
39 49 4 26
6 8 35 36
16 20 4 30
18 40 34 19
24 21 33 38
40 33 40 35
19 13 1 32
47 19 14 15
27 25 30 12
44 6 50 22
29 12 44 25
38 38 45 13
23 11 48 42
4 30 49 18
41 44 17 42
21 6 40 34
39 1 17 9
28 30 1 46
49 48 21 43
6 49 43 30
46 40 29 18
18 19 10 3
39 8 19 29
11 21 17 37
38 30 27 46
24 26 43 37
48 22 24 7
50 11 26 41
6 45 6 30
47 22 40 32
24 38 1 42
4 37 40 48
14 43 30 20
40 8 9 39
11 41 39 49
31 23 27 23
27 7 41 6
37 45 25 41
5 44 45 22
28 32 26 13
8 26 35 7
4 14 38 44
43 31 42 47
37 43 12 22
36 39 46 41
24 10 42 4
38 25 23 27
12 24 20 16
26 41 3 35
10 12 11 48
6 24 1 41
27 15 40 24
50 20 26 16
25 11 50 30
38 50 45 19
48 21 37 37
48 19 46 44
34 46 41 47
16 25 4 5
36 9 13 32
7 36 33 29
18 46 8 44
32 50 34 23
49 32 34 28
50 13 41 46
6 26 32 5
23 40 8 45
19 49 4 1
7 28 9 30
12 33 7 13
45 10 18 2
41 4 47 8
17 42 28 40
28 30 43 39
39 30 41 48
19 21 38 1
36 48 4 30
47 30 40 46
29 29 9 8
5 3 35 28
28 15 34 24
19 23 10 17
37 5 29 4
6 35 17 3
21 9 42 18
11 44 28 23
31 50 39 37
46 41 19 18
28 15 43 18
47 50 41 36
46 20 14 49
31 3 22 14
35 7 42 40
47 26 37 18
44 34 10 23
9 19 31 46
10 9 44 11
40 9 4 23
10 5 33 13
15 45 24 46
39 19 10 36
10 6 42 45
23 6 3 33
13 44 19 5
7 17 36 50
22 13 38 34
25 17 26 13
46 23 22 7
37 2 20 10
0 35 48 41
23 14 12 44
21 4 42 16
34 1 27 27
20 25 18 44
33 23 32 30
50 7 35 40
38 41 18 27
24 49 49 21
37 37 30 32
42 48 50 14
22 20 17 16
26 49 37 19
0 34 42 8
41 47 27 38
6 1 16 14
39 28 43 46
29 19 50 29
47 7 28 39
4 14 45 23
43 12 36 5
7 49 44 32
33 10 27 47
16 1 20 39
24 15 33 18
35 3 37 2
12 41 25 23
16 32 14 13
10 44 10 4
5 29 30 12
50 42 37 6
24 14 25 22
19 2 41 27
18 35 11 5
0 43 25 19
22 4 16 17
36 45 10 20
26 43 49 6
13 18 39 19
1 7 23 2
21 12 8 29
16 20 31 38
31 11 23 34
30 9 50 1
7 15 18 3
4 38 11 27
16 5 37 7
13 45 48 25
43 43 3 4
7 42 15 38
7 36 2 2
35 23 45 26
32 10 25 38
48 23 36 20
2 7 45 3
5 39 6 25
12 31 8 2
30 7 46 30
4 2 23 16
31 25 11 32
40 14 14 48
28 1 20 43
34 47 8 25
32 24 33 47
2 46 36 10
23 22 25 4
22 46 15 38
15 38 3 25
2 25 22 49
9 43 31 50
13 4 30 38
29 2 38 46
4 30 10 22
1 11 6 2
23 40 7 26
9 5 3 22
30 33 34 46
10 19 30 28
43 46 24 50
17 32 35 46
6 5 19 15
48 32 8 33
21 34 40 44
47 27 34 49
22 40 20 6
17 10 15 15
11 33 27 37
45 40 28 3
15 27 44 24
14 42 46 46
21 10 4 30
26 19 38 17
23 30 11 4
34 50 43 25
2 49 33 14
14 17 33 42
10 15 16 11
36 2 18 45
38 4 8 44
33 34 5 32
42 25 30 7
16 34 33 41
18 50 31 22
41 31 14 4
13 9 42 25
18 12 48 34
18 50 21 40
22 49 14 20
8 7 10 24
5 50 36 2
3 4 39 23
2 39 18 49
13 30 40 49
48 28 22 28
36 12 3 4
29 29 43 36
15 9 46 46
1 31 35 12
20 3 8 14
45 14 33 31
37 44 25 35
27 39 38 35
47 18 15 20
30 49 44 42
2 15 16 3
12 44 26 37
28 43 48 22
48 11 35 27
21 41 40 45
22 39 27 3
12 20 37 49
36 36 1 9
12 22 23 13
19 40 12 15
36 42 21 49
28 4 2 39
10 18 31 10
14 26 37 43
7 5 50 41
15 38 42 4
39 10 30 46
36 32 41 37
45 31 34 41
29 15 38 41
2 15 31 48
5 15 20 11
30 29 8 19
17 30 33 41
11 36 18 22
15 43 3 10
16 11 31 47
41 7 48 18
11 27 22 26
44 38 48 23
32 13 35 16
5 38 29 14
35 18 42 43
48 40 13 48
37 20 4 50
34 25 19 31
21 45 18 27
33 40 22 19
10 11 50 14
34 25 20 3
12 14 19 40
5 24 19 3
24 23 38 3
31 1 15 30
45 37 34 17
34 47 26 19
49 18 15 25
18 41 7 47
17 32 48 12
7 4 26 10
35 36 38 28
27 45 26 1
50 7 45 47
47 38 50 23
2 24 31 28
20 3 37 17
26 20 19 33
27 49 17 42
14 33 8 21
16 26 26 50
44 43 11 29
48 39 32 16
33 8 36 34
24 24 27 31
5 2 1 45
47 48 24 19
26 4 32 25
0 9 26 18
18 41 40 42
39 49 48 36
12 13 14 15
6 33 41 25
3 14 29 27
28 11 49 15
34 34 4 41
40 49 8 10
14 13 40 25
44 31 40 29
15 15 48 36
44 35 44 22
50 40 7 34
8 31 39 32
30 1 15 29
32 40 45 22
12 37 42 20
30 44 28 8
10 38 38 50
13 15 16 46
28 24 14 27
32 30 14 23
37 14 12 47
4 19 39 36
18 21 43 3
32 9 9 39
20 42 11 41
42 38 7 5
20 4 39 28
39 15 32 35
21 17 13 48
49 24 4 43
7 31 27 49
27 19 17 42
50 23 49 13
6 29 39 50
37 16 41 49
9 24 31 40
45 24 8 9
45 6 35 4
7 12 2 49
8 19 22 5
0 19 11 17
15 21 41 44
41 21 17 45
15 28 39 32
39 28 46 43
24 1 41 46
11 27 6 5
15 46 31 42
32 46 8 38
0 7 47 45
24 40 30 17
8 27 16 30
28 45 21 32
43 44 28 50
41 12 14 26
27 25 20 29
49 42 42 22
26 24 16 11
13 37 47 9
28 3 27 42
22 28 6 30
5 10 9 23
6 12 23 11
0 34 50 2
18 13 44 10
34 49 28 35
29 33 32 23
38 47 28 22
1 49 10 6
39 32 36 13
12 15 49 28
43 26 28 37
18 16 9 40
19 11 41 7
9 32 18 20
43 28 37 49
8 32 41 11
16 3 34 7
0 49 26 19
43 7 4 30
31 26 44 44
32 22 16 34
25 34 12 43
11 9 26 50
46 37 6 43
42 4 49 13
50 27 35 19
25 38 12 21
42 15 20 38
3 25 23 23
14 36 30 30
44 7 49 41
8 41 8 37
0 18 38 41
42 23 50 39
