999 3
19 20 7 13
3 12 18 3
21 11 6 1
17 10 7 8
12 3 3 11
5 11 6 17
3 17 14 9
11 12 8 18
9 20 4 15
16 15 15 19
14 8 19 2
22 10 17 1
4 12 14 7
25 8 17 17
18 20 14 5
24 9 9 16
19 12 13 20
10 12 1 1
9 16 5 3
29 2 12 3
9 11 7 16
1 4 12 1
36 6 17 11
39 3 19 6
39 18 18 20
29 16 8 15
30 8 5 12
4 18 18 14
37 11 2 4
23 10 12 18
3 12 2 6
31 13 12 7
11 14 19 6
36 14 10 15
27 5 1 6
23 19 18 1
13 4 16 2
16 14 8 14
39 19 6 6
34 11 14 5
15 18 4 10
3 11 8 1
38 13 20 4
3 2 20 16
27 1 1 13
26 12 2 10
2 12 1 4
5 20 7 1
29 1 14 19
12 17 1 5
0 12 11 15
6 15 17 18
30 13 12 3
1 9 3 8
35 7 5 2
0 3 4 9
16 16 2 7
15 16 18 16
38 7 9 5
26 13 7 11
5 6 19 3
17 15 11 18
5 2 15 16
21 8 17 14
0 18 13 3
27 5 9 8
5 18 9 20
12 10 15 3
36 2 9 6
24 15 8 20
16 13 19 2
27 12 18 10
37 15 18 16
14 13 9 11
26 3 16 10
17 1 14 11
14 8 20 1
22 20 10 18
28 15 15 3
1 12 14 1
19 10 20 3
30 1 9 4
15 13 3 3
27 15 11 16
32 12 7 12
34 8 12 12
8 19 12 2
18 12 8 20
33 20 17 10
19 4 19 5
26 11 10 3
3 18 19 20
20 1 12 18
3 14 2 19
8 4 16 13
4 4 13 19
19 4 15 11
37 2 1 8
20 6 15 13
12 11 19 4
19 6 15 5
16 12 4 1
22 10 11 10
10 5 19 20
30 17 14 20
12 11 17 11
7 17 12 6
38 17 13 3
27 7 1 11
30 6 9 14
6 1 12 12
11 11 19 15
25 11 11 3
39 11 11 11
2 19 18 2
29 20 15 11
11 14 6 16
19 12 5 2
4 15 5 14
5 8 13 11
35 11 18 8
3 8 15 1
36 17 3 6
32 2 3 3
18 10 6 11
8 11 8 18
10 9 4 13
5 20 17 13
18 19 3 9
26 15 12 15
25 8 8 11
29 16 19 5
21 20 8 4
31 1 13 7
19 7 9 12
2 8 2 16
15 14 1 10
19 14 11 5
19 8 12 15
14 8 1 7
33 18 7 3
17 18 17 11
25 4 2 14
14 19 14 18
19 2 8 15
12 15 9 15
17 14 9 1
18 3 3 9
19 18 6 19
8 17 9 2
36 16 18 8
21 3 5 16
37 7 13 15
27 8 4 18
36 18 2 4
11 3 20 7
8 9 2 20
21 16 18 18
29 8 13 13
31 20 9 9
36 20 17 15
19 13 3 1
11 3 7 3
31 3 13 2
23 13 20 19
19 13 16 19
16 8 8 18
32 4 11 16
35 17 8 1
23 12 15 14
14 6 4 17
7 11 8 6
25 10 15 9
7 15 15 8
17 11 9 4
33 12 6 2
33 18 10 8
35 11 15 20
11 8 15 10
2 3 14 10
0 1 7 2
3 18 10 2
11 6 17 9
27 12 1 18
7 18 1 11
29 3 19 15
38 20 5 15
14 13 15 3
28 4 6 15
30 18 3 7
12 3 5 20
20 14 5 3
15 4 6 13
17 9 10 10
33 15 11 10
28 11 8 18
18 7 13 12
3 8 2 11
4 4 11 1
33 14 8 11
10 20 6 5
3 11 6 4
38 17 7 19
22 15 13 4
28 13 4 9
30 19 18 6
33 4 13 11
33 4 9 6
34 8 9 19
8 7 18 16
35 9 3 3
7 8 8 9
8 11 11 9
3 18 5 18
7 7 5 4
18 6 2 14
21 11 3 10
31 4 3 6
37 15 12 9
20 9 5 13
0 3 20 17
14 7 9 2
17 2 9 8
2 19 5 17
13 9 3 16
12 9 11 5
32 19 15 5
28 6 10 1
6 9 3 15
10 2 9 8
36 19 4 14
0 19 15 2
35 12 7 7
38 3 1 10
12 16 16 4
20 20 12 15
3 1 4 6
15 12 3 7
14 20 3 10
24 3 3 6
10 10 17 18
10 11 4 1
14 1 1 14
13 18 7 18
27 20 12 1
14 6 15 18
32 4 6 12
20 9 1 15
1 3 18 20
5 3 15 17
22 11 4 11
1 8 4 2
0 20 2 8
22 10 20 4
6 9 7 6
17 14 10 13
4 12 2 18
12 4 1 14
32 4 20 4
8 9 1 8
9 1 1 13
16 7 19 2
7 9 15 9
31 10 6 6
1 20 14 14
25 7 20 20
24 13 10 6
26 19 10 12
39 17 6 18
35 18 6 17
21 13 7 8
5 15 20 4
17 20 20 11
0 17 2 14
10 4 4 6
9 10 6 9
12 1 3 6
37 1 15 16
21 2 5 3
20 20 5 7
23 20 12 9
8 17 14 15
23 9 5 2
9 10 13 17
26 11 12 20
0 20 15 15
3 12 3 10
33 9 19 16
11 9 13 14
10 3 4 8
16 6 16 8
29 8 6 1
5 1 10 10
35 19 3 17
5 17 16 19
5 5 3 6
6 20 10 19
23 10 8 14
35 17 3 10
9 20 13 2
14 26 31 15
20 29 36 40
7 38 30 33
39 47 13 25
37 26 37 32
33 31 42 24
5 18 13 28
2 43 27 45
32 26 40 49
18 33 39 12
45 35 14 25
1 28 49 13
16 15 13 35
4 33 49 22
31 14 25 45
27 31 40 36
43 39 21 13
19 15 34 21
17 34 38 20
36 33 10 49
26 36 49 20
12 36 11 42
2 31 46 41
1 12 49 17
17 29 29 45
37 15 44 47
0 22 34 25
42 43 49 31
3 44 38 16
8 23 44 38
0 38 29 47
30 49 41 15
0 44 13 23
32 34 41 12
10 18 47 16
24 26 48 32
23 46 31 25
15 40 45 29
27 12 18 30
44 16 45 49
5 12 20 24
39 45 32 28
32 19 18 33
47 28 39 37
20 49 34 23
4 37 31 40
0 20 12 36
5 29 30 36
30 25 22 45
33 10 35 27
34 44 34 15
30 36 14 33
24 10 32 25
34 39 39 20
12 45 28 34
13 47 32 37
46 25 48 22
42 23 24 34
42 27 43 11
33 44 18 43
15 38 36 48
38 27 10 23
16 13 22 35
37 44 44 11
40 40 39 45
24 39 49 43
18 13 22 32
32 47 44 18
2 42 37 46
7 27 34 39
25 47 21 18
40 17 18 38
2 40 46 31
33 28 45 32
30 10 35 14
25 43 36 30
33 41 21 18
5 29 31 22
21 49 35 35
8 17 29 30
2 36 33 21
35 42 24 36
21 45 38 26
44 47 42 27
9 21 46 26
15 45 46 42
22 11 45 45
42 22 16 49
49 23 20 23
6 42 31 27
16 46 47 46
28 19 31 25
6 46 44 47
14 30 28 36
13 28 29 42
3 46 14 38
10 16 27 25
24 26 20 16
34 46 22 22
31 49 38 32
16 32 19 49
3 47 42 42
20 41 22 41
0 26 39 28
8 40 34 38
1 30 23 41
26 47 21 45
33 24 48 13
32 31 19 39
39 34 37 44
0 18 36 48
21 13 27 32
35 27 28 16
12 46 14 26
11 47 36 14
27 42 21 28
6 29 42 11
33 12 27 35
16 19 45 45
46 16 30 45
10 47 32 49
31 21 29 31
36 35 22 21
49 44 33 21
25 45 45 41
42 26 37 25
12 29 16 34
28 17 29 22
24 22 12 34
42 43 22 24
26 46 10 22
30 29 25 33
24 25 10 21
26 28 25 25
2 22 18 15
47 12 21 49
36 25 14 35
15 23 21 14
26 47 49 26
16 45 48 29
41 45 25 30
4 44 15 45
46 15 13 31
35 21 34 25
15 24 48 18
26 12 39 29
27 35 43 38
18 49 43 13
17 32 40 16
33 31 39 46
10 43 38 26
23 43 44 29
20 24 12 27
39 44 19 19
12 18 29 21
36 28 48 19
29 22 15 49
8 30 22 11
18 27 14 40
29 14 30 12
10 20 16 47
15 27 28 30
32 21 46 49
24 33 29 33
20 37 33 44
35 35 24 47
42 39 48 36
34 29 39 33
29 44 45 42
5 29 21 21
48 13 39 35
45 16 17 47
15 18 20 12
24 30 10 12
14 41 32 14
3 17 46 11
26 42 48 34
32 45 11 33
22 30 24 40
31 15 37 15
8 43 37 31
30 30 23 25
9 45 35 41
44 11 32 47
28 35 11 13
14 18 28 12
12 29 26 28
1 15 29 28
18 11 27 27
6 14 34 38
13 27 12 38
10 30 38 31
11 35 33 46
20 39 16 38
18 19 37 20
5 35 33 39
39 13 12 48
23 34 43 41
34 23 17 41
32 35 46 24
49 37 34 49
2 44 39 16
36 37 21 43
48 48 24 27
45 25 41 29
40 25 14 46
14 24 31 23
17 38 35 33
3 45 45 29
30 40 46 35
30 42 17 15
33 49 23 19
6 31 44 38
16 35 14 36
8 49 18 25
34 44 42 13
44 38 26 28
40 41 16 45
4 41 40 36
19 21 44 25
25 33 34 14
21 39 13 33
3 49 24 45
42 44 27 27
19 35 21 13
49 42 21 20
48 46 45 37
37 19 27 11
0 43 21 43
18 45 21 20
0 25 38 42
47 45 42 32
7 49 19 37
21 43 13 35
45 16 23 36
22 23 31 46
35 31 27 44
0 33 16 33
21 16 48 40
30 22 48 39
14 25 10 19
18 41 14 29
29 36 48 44
27 18 43 11
46 28 40 13
15 11 28 44
48 27 24 24
26 13 12 16
46 49 29 21
15 35 44 35
44 37 16 17
4 11 18 28
9 34 16 28
11 49 43 49
26 28 20 46
28 41 17 23
16 32 16 13
17 47 32 49
1 27 40 42
2 41 23 10
25 11 36 17
9 28 40 15
4 23 42 18
18 21 37 40
17 25 48 12
48 17 41 40
18 28 22 41
2 33 47 15
29 22 27 37
29 33 39 26
1 13 28 28
8 26 15 49
10 10 28 49
28 28 29 37
0 24 21 48
35 14 45 24
48 37 30 35
17 45 32 43
1 15 18 48
9 19 33 12
11 13 20 14
2 22 34 48
34 23 29 46
4 34 26 28
33 36 31 24
49 12 10 47
49 10 45 17
16 43 48 36
34 13 21 12
47 29 36 29
45 23 13 12
41 34 10 42
7 47 25 29
15 15 14 11
28 48 33 11
11 42 20 20
20 13 23 26
25 49 19 20
0 47 31 29
47 44 27 32
6 16 29 14
26 45 49 25
15 44 49 39
33 11 46 46
40 25 32 11
44 25 31 18
35 30 12 36
2 32 44 47
1 45 47 24
17 15 30 34
9 22 40 10
23 44 29 28
2 32 22 26
43 22 11 35
49 42 12 38
44 34 34 12
14 28 30 36
9 18 23 12
0 35 26 10
20 14 30 34
35 27 40 14
14 26 17 32
35 44 18 23
30 42 14 49
27 27 16 39
30 15 33 35
20 43 36 37
46 32 48 46
19 21 40 17
18 17 11 47
22 34 41 41
48 47 11 37
17 12 45 32
17 39 40 15
27 43 15 45
29 39 12 24
45 43 23 48
49 49 37 38
19 36 20 42
41 13 10 14
37 33 36 12
7 49 36 40
5 45 11 27
3 35 11 11
24 23 41 43
37 49 11 16
11 20 29 49
14 44 33 28
24 33 47 18
36 15 41 39
44 17 22 48
41 44 13 18
14 49 30 17
14 27 11 26
44 35 18 30
37 27 37 22
28 42 34 44
7 25 33 38
15 26 11 12
4 47 30 35
6 45 12 46
6 40 46 25
24 22 23 15
34 28 36 32
21 26 14 21
34 29 36 28
11 41 31 45
26 16 22 36
19 11 21 38
18 39 27 37
38 46 33 23
2 28 45 43
29 35 28 27
42 49 28 31
21 42 23 35
43 13 49 19
11 46 22 25
41 24 17 42
36 46 15 28
44 48 25 29
5 14 12 31
34 33 28 46
45 21 29 39
43 27 29 45
19 21 48 29
26 37 46 32
36 18 38 40
38 36 30 39
45 33 31 36
3 28 46 11
0 30 43 38
30 29 43 11
44 48 26 15
12 21 23 33
7 18 30 32
9 43 27 38
18 41 41 35
37 19 33 14
25 32 17 32
21 22 21 37
29 43 14 39
31 28 10 10
39 32 26 43
43 44 35 27
16 16 44 33
24 10 45 17
16 11 46 31
10 26 16 38
35 30 19 30
10 19 18 22
17 28 29 31
25 11 13 11
34 19 15 40
38 31 20 11
41 35 18 36
39 45 10 45
43 15 22 14
26 27 49 36
8 27 39 10
21 13 46 17
3 12 45 47
16 47 13 34
35 41 12 44
40 47 32 28
19 31 13 29
42 31 38 44
23 43 38 11
34 48 16 48
27 33 10 34
31 25 21 22
5 28 49 21
4 49 27 17
12 10 12 34
33 13 22 10
24 44 31 36
33 46 19 47
22 41 12 45
2 36 24 21
36 21 28 44
28 41 10 22
11 37 40 16
9 47 14 15
2 48 25 31
34 22 29 13
1 46 48 39
14 28 22 21
14 39 16 40
6 27 28 21
2 28 39 24
24 12 31 41
16 39 48 11
13 31 30 12
32 41 17 30
8 40 28 14
34 30 17 28
48 41 22 49
30 18 17 39
45 21 15 42
24 33 22 49
31 36 42 12
28 26 19 45
20 42 14 20
39 40 29 43
8 32 26 24
17 48 42 40
45 24 13 37
49 11 14 21
1 15 49 15
24 27 48 29
18 12 25 39
47 25 27 49
3 44 28 26
26 31 34 46
45 15 30 37
21 27 42 44
15 47 27 36
20 14 36 23
34 11 42 32
14 40 45 31
15 24 30 15
13 20 27 48
6 43 46 32
6 18 14 27
19 23 10 44
0 30 20 47
22 37 37 29
32 12 46 34
32 49 22 44
9 43 24 30
23 14 10 27
24 43 16 19
34 15 27 33
24 14 34 22
1 43 40 36
6 34 36 12
2 31 16 10
20 32 42 41
15 37 31 30
30 13 46 49
40 45 33 37
19 44 25 10
20 38 25 10
19 31 40 47
29 22 20 44
41 16 28 27
33 47 12 41
0 40 16 24
17 31 15 44
37 13 23 43
32 34 30 14
23 17 12 11
49 24 27 37
18 26 14 10
36 27 23 16
5 43 17 32
3 20 33 34
41 25 10 38
27 23 33 11
37 40 19 17
5 45 47 39
47 25 10 37
31 47 29 49
39 10 36 26
24 10 13 49
26 26 40 37
35 21 46 44
21 26 22 37
11 18 43 20
29 15 40 13
44 45 12 21
41 36 36 24
44 38 40 44
1 32 20 23
45 39 21 16
29 45 49 13
49 37 11 11
34 17 10 15
37 14 11 11
28 22 40 19
31 25 31 27
7 27 41 25
17 34 33 29
15 34 21 21
10 45 21 46
27 35 36 41
30 10 24 34
39 13 15 10
15 47 11 45
11 25 16 48
41 13 44 16
33 49 20 47
26 36 24 39
14 42 41 12
27 27 43 12
31 48 47 30
0 18 35 43
19 33 36 11
43 45 14 28
38 28 34 26
33 11 19 28
17 27 49 37
47 37 31 33
15 34 39 42
35 10 23 15
8 38 35 28
45 35 24 24
46 13 19 46
8 21 23 27
42 15 27 42
37 28 35 30
37 11 48 49
28 41 15 36
5 43 48 22
7 15 41 48
48 26 44 35
37 41 44 34
30 16 21 36
22 14 38 38
5 19 11 30
38 48 30 37
14 21 16 12
24 26 43 22
6 15 14 35
32 48 48 33
39 24 27 24
39 47 17 24
39 35 37 47
31 22 46 32
26 41 29 21
4 38 13 45
22 30 21 38
44 48 49 10
33 45 20 11
4 28 40 33
28 18 18 44
44 16 16 44
6 27 28 43
5 13 21 14
39 14 13 31
11 43 24 23
23 35 47 25
17 15 31 19
20 36 30 25
9 39 36 38
24 22 40 36
21 19 43 38
48 38 23 23
49 14 42 20
4 30 32 30
25 15 41 44
38 36 35 10
41 45 29 39
24 14 49 24
25 41 44 48
37 18 44 41
39 38 12 45
14 32 37 28
0 28 38 26
23 11 37 19
16 13 14 24
11 36 33 43
44 24 35 31
25 24 15 11
21 13 10 16
25 36 39 22
35 34 41 34
37 16 18 49
7 13 23 39
33 27 45 22
35 28 15 43
9 26 41 16
7 16 28 38
28 13 13 23
35 39 41 19
12 13 14 45
49 22 20 36
26 47 37 42
22 13 18 22
25 21 13 24
18 16 26 28
30 47 21 27
15 42 43 20
14 27 40 19
24 12 13 31
31 18 43 35
7 49 16 48
10 31 37 22
36 34 29 44
40 22 21 17
13 13 30 35
42 41 21 23
17 14 34 48
36 31 39 15
19 10 48 22
23 33 36 46
46 47 42 18
20 16 15 45
34 12 34 42
22 22 15 29
26 17 22 42
9 12 36 28
46 49 43 32
11 19 27 22
26 26 24 33
42 31 31 45
45 43 13 29
30 31 25 35
36 11 25 26
41 43 28 18
19 19 45 27
13 19 28 41
35 24 31 33
9 24 21 47
15 15 24 13
11 31 13 40
44 17 36 37
41 11 42 25
11 36 19 19
7 30 33 37
41 33 48 28
30 20 13 15
34 38 11 27
21 33 41 37
25 41 38 37
11 10 40 43
31 14 11 38
46 38 19 23
4 35 32 36
5 10 46 42
8 40 38 46
2 40 35 19
43 21 13 34
14 10 34 30
47 17 38 33
43 20 16 14
6 23 45 22
48 17 47 19
12 44 31 45
45 37 36 49
