613 3
42 12 40 33
31 45 25 30
36 18 2 3
8 43 24 35
41 13 28 45
29 12 8 29
50 10 42 21
34 32 16 26
32 32 49 10
47 47 50 23
46 1 38 15
7 38 14 14
50 35 18 16
36 25 24 17
21 50 41 50
47 33 37 9
45 12 45 46
25 11 19 16
37 14 44 25
18 11 15 25
20 4 33 12
15 36 9 8
1 6 28 44
27 3 9 50
50 36 33 20
41 35 6 40
11 14 30 20
11 25 4 18
42 28 19 38
42 38 21 31
22 10 27 30
32 22 44 28
30 5 19 38
47 10 7 20
33 45 12 16
37 29 50 2
16 48 8 37
18 27 7 6
6 14 27 23
25 3 12 48
7 1 29 2
18 46 36 35
5 32 7 46
43 35 39 7
9 38 4 9
47 10 3 40
12 50 26 48
18 42 18 19
40 7 41 13
8 16 46 40
44 31 4 21
4 38 11 42
49 7 46 47
29 9 41 34
13 48 20 36
47 34 1 44
1 3 20 18
21 28 38 30
27 47 29 44
48 16 24 21
3 9 7 49
21 17 46 11
19 40 10 7
1 24 25 48
30 22 35 17
9 5 6 40
23 2 42 6
22 11 25 45
27 13 18 5
26 37 28 2
5 20 34 24
47 19 18 32
22 38 42 38
31 17 26 32
39 33 41 40
6 33 13 45
39 44 43 44
24 42 47 28
35 17 17 23
45 26 16 33
41 17 49 32
38 21 45 37
17 42 26 17
28 6 40 6
46 33 16 5
48 15 2 36
7 41 3 32
13 5 4 37
14 16 34 7
40 49 31 30
16 48 34 36
15 37 44 3
43 49 26 15
2 46 13 46
12 35 20 32
45 45 24 9
29 26 44 42
17 4 20 44
32 1 38 2
24 30 17 19
13 26 31 43
22 50 50 33
1 40 37 50
29 49 18 15
40 43 30 12
3 20 1 48
48 17 16 41
6 24 36 31
4 15 23 15
40 43 40 15
42 14 6 34
36 23 49 25
12 4 31 12
9 14 20 41
36 28 30 40
21 22 35 17
50 43 35 13
39 26 41 17
36 31 35 24
34 2 32 28
24 49 2 47
17 50 19 26
33 32 47 42
25 10 12 50
25 46 33 28
32 13 36 5
1 10 47 15
18 22 7 29
19 34 20 42
13 10 33 29
11 40 21 46
49 24 40 42
14 15 20 44
27 1 43 18
44 40 41 45
33 1 42 34
27 45 18 50
35 40 14 3
34 15 22 11
1 28 9 49
19 48 4 12
13 3 30 3
33 7 50 41
25 21 48 8
43 34 9 30
43 36 49 23
27 3 43 16
44 8 12 10
27 5 9 47
26 47 40 12
0 14 23 39
16 32 3 23
22 5 14 48
25 40 50 36
28 45 14 36
33 42 13 30
40 13 18 35
29 42 15 42
40 45 17 31
5 31 7 26
12 6 23 9
21 48 43 1
39 49 49 49
6 48 12 33
20 12 11 50
38 50 18 43
37 50 9 16
40 48 42 5
22 23 28 45
19 35 43 31
25 43 49 8
25 19 12 33
49 11 41 15
15 12 1 26
12 9 6 3
44 12 15 35
48 37 8 12
35 41 36 47
41 13 5 40
1 35 37 5
41 48 48 34
3 16 48 39
2 40 27 4
44 34 49 3
24 28 29 19
8 24 8 10
2 1 5 14
49 40 10 29
50 32 6 8
42 21 50 39
29 5 38 41
40 8 6 19
25 9 9 3
8 6 34 7
41 43 29 37
30 42 15 40
20 13 44 8
24 50 47 9
5 33 43 27
33 28 34 30
14 45 3 26
26 9 42 16
22 28 41 8
9 35 46 3
7 15 28 32
18 6 37 37
6 2 34 32
2 16 31 26
15 10 21 35
5 19 28 16
6 40 25 36
29 27 8 19
30 20 8 34
16 24 17 15
20 5 4 29
25 30 20 22
42 34 20 22
40 40 9 2
10 32 16 32
29 22 23 29
47 16 39 26
14 42 23 50
22 37 50 23
4 11 23 24
47 24 20 3
49 22 22 37
45 37 39 35
27 29 31 18
29 18 13 40
6 9 9 18
3 38 39 3
48 29 16 43
18 21 35 15
28 2 7 10
29 37 38 23
13 50 11 11
34 8 38 7
15 43 18 18
17 32 40 18
33 39 14 48
36 35 2 40
0 42 40 50
49 48 9 31
9 22 44 20
36 1 31 7
11 26 27 43
4 41 44 41
43 9 30 48
16 3 31 48
37 12 18 12
27 35 17 4
34 32 15 2
19 45 42 31
17 39 34 26
45 39 44 1
8 44 20 28
14 29 30 49
10 38 5 38
0 25 18 39
30 46 28 35
35 37 22 43
6 31 5 36
31 45 35 20
14 42 22 13
48 19 12 10
46 36 23 15
20 32 30 11
20 34 39 23
44 37 31 49
3 45 46 40
20 12 16 41
43 38 27 18
24 9 13 25
41 50 8 15
46 1 16 37
1 27 10 43
47 39 9 44
8 28 13 41
7 26 41 49
30 46 15 31
12 15 17 25
22 10 35 8
5 40 36 36
19 38 3 30
32 4 37 33
22 22 33 32
49 40 12 3
34 47 16 49
20 23 31 2
41 7 35 47
39 41 6 24
49 1 37 24
3 38 15 42
19 37 17 1
16 34 40 4
18 39 18 9
44 18 13 1
48 1 21 15
23 30 43 34
38 11 12 9
25 16 45 3
30 34 19 5
45 8 37 41
17 17 22 6
19 44 26 13
22 15 28 32
25 13 4 45
37 46 4 40
26 46 48 43
4 17 39 26
5 10 49 13
46 9 21 7
43 36 20 13
41 25 11 26
48 12 11 42
21 16 21 49
24 17 17 10
49 12 34 8
11 5 45 40
15 25 12 5
1 5 29 22
9 18 43 50
34 47 28 16
16 49 42 5
23 49 15 45
16 37 46 28
10 21 13 17
41 25 2 15
45 47 42 50
32 50 19 30
41 8 35 50
50 37 49 3
43 28 21 27
12 50 21 29
16 1 42 48
13 33 48 29
10 24 17 14
15 10 36 33
37 30 14 33
50 36 28 46
15 6 40 9
18 1 40 19
2 7 12 43
21 5 35 44
49 28 31 4
39 12 44 34
3 47 20 28
45 20 18 27
35 37 7 22
17 30 22 18
36 32 1 1
34 1 2 46
50 3 34 19
12 45 29 30
39 27 44 26
40 45 42 11
9 2 31 31
42 34 40 39
42 50 10 17
16 6 44 1
41 6 24 15
44 43 48 44
50 50 28 35
13 50 30 7
38 34 21 15
23 47 50 14
36 37 9 2
13 24 5 40
37 11 8 5
41 5 29 21
34 2 20 42
24 35 30 29
28 31 9 38
23 21 46 2
49 13 20 49
17 27 37 10
18 8 8 8
38 27 50 50
28 27 1 8
26 40 25 32
3 8 47 43
0 50 46 34
48 18 20 18
50 47 23 27
2 48 2 3
47 27 42 39
30 7 43 14
3 29 37 29
1 11 3 43
17 50 14 49
10 23 22 47
29 38 38 15
19 41 1 7
28 33 43 41
1 19 16 1
38 6 6 23
22 16 50 43
34 33 40 30
33 48 9 16
27 14 25 23
14 3 42 30
44 41 8 48
45 25 13 2
16 17 25 7
2 19 15 40
38 11 28 10
22 42 30 40
16 25 10 23
43 36 42 3
32 44 45 42
47 16 14 38
46 30 26 50
46 46 44 19
43 10 38 20
49 27 28 48
19 35 7 46
26 7 25 17
5 35 16 46
9 20 33 5
39 6 9 43
40 40 21 7
13 24 4 28
45 34 26 35
35 9 22 44
48 16 15 19
30 42 18 41
49 28 21 24
32 11 41 35
12 39 32 5
13 12 39 43
8 29 17 14
11 41 7 13
5 47 26 48
20 22 5 31
44 12 1 4
10 21 32 15
5 18 46 6
33 30 14 14
24 27 2 11
0 24 36 18
9 29 24 31
17 15 12 28
35 29 15 14
14 29 6 31
50 32 9 24
15 34 16 48
16 24 15 16
2 23 5 40
33 40 27 5
12 43 49 1
4 49 21 11
31 49 8 4
11 35 47 16
0 30 7 28
46 49 42 24
18 42 26 7
39 14 23 45
48 28 8 28
43 25 37 12
27 21 21 45
21 33 9 45
33 24 48 23
39 14 43 23
26 43 17 27
1 7 36 36
42 6 20 6
34 29 11 8
40 33 31 5
0 40 12 48
31 32 21 46
6 30 43 4
4 49 33 15
34 49 12 2
40 49 19 43
48 10 46 10
38 30 10 29
5 12 46 4
13 10 44 1
2 21 39 18
6 47 29 9
40 15 49 42
35 40 25 41
15 20 35 7
38 30 16 48
32 14 17 31
0 7 6 15
42 30 16 8
38 27 16 20
7 28 15 11
25 45 44 36
36 9 36 45
32 24 10 37
15 27 5 21
14 41 49 36
25 48 43 37
3 44 40 3
41 48 12 20
3 15 35 22
18 39 13 41
13 46 24 12
0 1 20 25
25 26 33 9
21 48 43 28
10 18 1 31
6 12 15 26
45 33 13 40
9 10 31 22
1 33 8 26
27 17 48 33
7 44 40 48
10 33 9 46
14 15 16 7
35 42 17 38
22 29 42 49
47 35 46 21
17 22 1 26
41 19 43 10
33 9 19 9
7 43 36 27
0 37 27 21
43 26 16 25
32 15 8 17
31 7 26 13
5 25 9 31
31 21 11 27
1 35 43 20
47 13 9 32
26 50 40 40
38 50 44 45
26 21 1 35
22 6 34 29
38 30 9 36
48 31 28 47
13 14 16 38
46 45 10 46
1 38 4 16
40 48 6 31
4 41 28 19
49 25 30 24
37 32 48 8
4 27 8 7
18 24 18 7
14 25 31 28
11 14 12 16
6 38 22 21
42 2 34 11
24 38 30 28
26 13 27 22
28 36 47 32
44 43 11 43
22 1 11 11
16 42 22 26
34 4 36 17
16 46 35 22
2 3 1 10
5 50 48 43
35 44 35 8
16 28 10 41
29 23 48 2
3 49 35 5
7 11 26 2
30 47 33 25
48 12 32 49
22 41 2 30
4 28 11 42
15 19 5 1
32 21 20 32
11 16 42 24
24 5 43 41
12 28 30 16
17 1 31 12
3 13 46 43
27 9 12 50
17 42 14 28
18 9 14 39
2 35 4 40
21 34 20 2
42 29 35 28
25 44 26 22
25 8 12 5
8 25 5 21
3 47 48 21
11 35 50 18
16 48 3 36
21 26 13 27
48 24 42 5
4 28 15 48
40 36 46 11
17 12 36 37
30 28 20 2
24 23 17 23
18 47 38 4
39 11 30 35
11 13 31 49
49 3 48 11
24 3 19 28
36 22 25 33
26 49 28 15
6 4 13 14
23 24 15 5
50 45 17 34
15 17 35 31
15 38 44 42
33 34 19 17
33 41 39 22
50 32 24 15
23 18 48 22
23 50 4 30
42 8 3 3
41 20 25 2
0 36 12 46
21 15 20 11
45 18 8 6
