1000 3
7 46 45 1
14 1 42 44
25 23 32 44
13 42 23 32
25 17 48 25
26 29 32 27
14 35 8 45
13 34 40 15
10 24 24 13
50 17 46 34
20 24 6 44
22 8 34 46
20 21 45 12
9 7 17 37
15 25 36 38
19 28 17 21
5 37 43 37
8 37 43 37
32 4 4 1
46 21 30 7
16 12 38 29
28 20 2 3
34 25 13 8
34 35 4 32
16 22 23 41
49 3 50 6
5 46 42 46
43 45 10 29
6 13 33 45
22 36 39 16
34 42 46 22
29 11 14 7
3 30 3 47
25 24 5 48
35 7 17 49
46 18 17 45
19 4 46 3
44 4 2 23
40 20 4 4
13 35 15 19
35 32 18 33
26 20 22 26
31 31 24 46
11 31 11 10
40 22 28 46
16 10 41 43
5 1 11 4
18 18 28 44
39 30 42 5
44 27 11 26
39 49 20 1
0 43 11 39
31 16 35 36
20 2 2 25
45 48 3 21
2 5 9 15
12 41 26 6
42 15 48 19
14 6 9 12
2 4 18 35
29 46 47 16
1 22 25 26
16 43 41 26
38 36 4 19
26 48 10 4
39 42 3 22
13 5 47 38
2 42 6 42
9 6 3 30
0 35 42 1
17 28 5 37
25 9 17 45
30 19 9 21
41 45 28 4
50 24 23 45
47 13 41 13
11 29 24 10
16 7 31 42
32 19 50 49
4 38 44 20
49 39 31 27
32 27 14 34
34 20 8 9
7 31 1 27
12 33 25 44
10 8 48 46
42 25 2 4
31 26 27 22
16 29 41 38
21 44 28 46
10 42 50 22
19 37 12 25
36 30 19 2
14 3 23 16
40 45 14 17
42 38 40 18
8 3 25 21
46 18 44 31
26 32 37 46
30 4 6 24
12 22 26 35
39 42 31 8
5 4 8 16
9 7 15 5
7 20 15 20
28 49 47 40
38 37 38 33
31 6 33 17
45 39 41 7
29 37 34 5
35 16 21 8
14 23 8 26
28 45 14 7
16 39 28 28
17 9 10 48
33 37 2 38
26 41 50 22
22 49 37 20
28 10 4 16
4 6 43 42
47 20 34 26
6 19 3 44
30 13 26 39
35 9 10 34
15 14 22 42
1 8 26 4
34 3 10 14
28 30 31 44
8 10 33 21
39 39 29 36
21 34 10 16
16 16 23 24
13 36 8 9
30 42 14 20
31 5 38 44
42 11 8 47
27 28 46 34
37 26 28 25
44 27 25 4
0 46 26 37
26 34 27 8
3 38 15 15
12 19 31 23
26 44 19 39
28 10 50 48
14 26 28 6
24 25 29 6
19 30 38 26
45 6 33 19
35 20 41 12
29 14 48 4
3 24 8 13
30 11 5 1
24 41 11 26
46 38 1 24
12 43 39 13
17 48 3 24
3 42 4 11
38 4 24 29
6 8 44 34
33 34 13 47
6 29 3 16
10 5 9 49
38 17 10 23
41 39 32 49
42 15 16 7
42 40 34 1
49 41 27 22
13 10 31 26
46 16 38 33
3 2 50 17
48 34 43 17
17 14 5 4
6 47 25 45
47 19 50 34
0 2 16 48
45 9 37 46
6 13 34 26
33 32 7 24
27 22 8 2
24 23 25 20
17 2 11 14
18 40 2 29
46 8 28 35
29 3 3 22
29 39 7 19
47 38 3 45
23 14 35 9
10 15 23 35
1 39 8 33
32 47 35 26
31 14 31 6
44 20 22 8
49 8 9 43
50 44 27 48
24 32 26 20
24 9 28 9
6 14 38 4
39 6 17 34
29 50 47 18
48 49 38 10
7 28 24 41
21 7 14 28
5 30 49 8
36 28 41 2
19 9 39 30
13 15 38 22
24 48 38 22
39 14 32 38
35 1 10 7
12 20 47 40
33 7 32 9
36 41 9 32
25 28 27 24
25 15 24 24
0 29 24 5
44 23 14 20
42 27 17 46
41 4 3 25
18 19 47 25
11 14 29 40
35 20 12 5
36 22 20 12
10 31 11 21
38 31 21 25
44 43 37 39
37 9 31 16
20 32 18 8
45 1 2 41
12 13 15 36
5 4 18 5
17 2 21 13
7 27 15 1
37 27 47 7
23 8 18 39
19 18 39 25
14 9 29 21
48 33 12 29
29 38 28 15
47 35 29 40
24 30 39 40
12 16 25 27
6 48 39 39
35 30 10 42
18 5 39 35
38 33 50 7
37 23 47 30
33 14 26 21
43 9 34 50
45 20 46 42
35 45 50 20
42 27 37 41
5 44 28 42
40 1 29 30
16 2 42 24
2 7 32 47
49 18 45 31
11 11 30 15
24 24 50 44
9 36 45 35
42 27 27 38
17 25 8 30
32 43 6 45
0 17 50 10
9 5 47 2
27 6 2 32
11 22 9 43
36 5 4 21
44 4 12 32
44 10 31 3
10 43 42 21
0 26 29 49
14 27 25 5
42 23 42 18
35 23 48 48
26 39 15 11
29 29 16 25
4 24 22 25
49 37 11 8
46 2 39 15
16 4 40 32
17 28 24 22
41 8 33 33
48 41 32 47
38 33 21 19
44 3 49 47
41 15 20 39
34 2 21 43
2 20 35 5
13 5 30 27
14 50 33 15
26 27 14 31
40 42 2 32
44 10 15 43
50 8 20 30
36 32 19 48
1 3 1 14
19 39 4 42
18 1 35 21
46 39 21 16
36 8 14 8
47 7 17 36
2 35 28 25
19 4 37 44
28 14 48 7
10 36 32 1
23 28 26 28
36 2 2 21
29 35 12 11
30 20 17 47
27 3 32 9
17 3 23 16
7 24 29 50
34 24 6 1
48 22 25 49
15 5 28 42
9 24 16 24
5 11 45 44
4 38 11 9
7 47 33 17
46 36 14 26
33 48 32 49
17 22 43 42
21 3 37 33
29 18 36 47
18 17 18 30
5 1 33 43
16 8 9 26
1 42 44 13
17 38 2 38
8 14 39 38
49 13 13 6
1 46 7 18
46 32 25 44
29 49 29 42
22 28 3 32
46 33 39 39
24 20 16 49
33 16 44 23
20 48 8 38
33 34 44 7
47 24 50 27
27 20 27 42
45 8 13 25
12 44 28 39
25 50 30 22
36 20 43 31
44 11 34 26
31 11 27 29
30 20 32 42
12 16 26 5
28 4 3 8
49 7 15 18
49 39 35 48
33 25 23 20
7 34 36 36
43 36 30 28
11 16 30 12
18 20 43 16
10 36 43 26
16 19 13 6
29 14 19 40
34 35 27 33
44 17 47 40
24 9 48 23
49 42 50 12
24 44 13 7
12 43 37 8
12 37 26 16
7 5 23 15
36 34 24 46
23 45 45 9
39 7 6 31
0 31 15 22
7 28 44 11
11 39 11 31
36 43 35 44
22 24 13 20
45 31 35 21
41 4 34 3
30 13 19 19
15 13 3 3
4 10 20 23
14 24 1 47
37 6 3 37
0 21 46 3
23 39 24 16
47 31 32 43
37 15 39 50
6 36 10 48
32 36 30 18
8 1 44 27
7 43 7 29
30 28 16 39
15 19 44 19
2 8 34 38
19 32 49 16
24 3 15 48
36 24 49 21
41 32 6 21
14 28 6 5
37 33 37 41
50 6 9 43
30 45 14 28
29 43 45 2
23 22 2 13
49 38 46 2
28 17 42 33
21 18 41 46
22 45 3 36
11 4 6 28
15 49 33 12
30 17 18 40
10 49 48 2
38 18 8 18
39 9 32 29
43 14 5 34
28 35 28 21
20 5 37 16
19 40 17 3
21 42 16 6
42 33 49 5
46 44 13 11
6 36 25 27
6 17 2 37
36 9 32 29
17 34 7 27
24 6 31 14
10 33 6 32
16 38 47 16
30 29 33 41
21 32 35 42
11 25 30 36
38 31 3 45
36 23 41 19
21 39 1 16
7 17 33 27
43 38 36 25
18 10 21 44
49 11 4 14
28 33 2 31
4 7 33 5
15 4 38 30
41 23 7 48
26 2 16 39
14 36 46 3
13 15 49 5
50 4 32 38
33 6 34 24
41 26 4 8
5 27 15 22
12 5 33 7
6 13 24 8
25 42 33 34
42 23 40 36
5 25 2 21
33 18 28 45
39 4 42 19
27 1 25 4
39 6 49 41
35 40 26 22
37 46 1 47
43 14 16 41
23 36 17 44
12 16 21 38
26 5 21 18
7 17 39 42
20 28 27 37
18 26 49 5
31 28 35 42
38 47 24 42
34 6 16 4
37 44 21 17
48 2 21 6
44 30 24 12
3 45 7 18
14 26 48 14
39 24 13 29
29 33 18 5
4 23 30 9
17 37 23 14
5 3 8 46
12 42 47 47
16 29 43 47
17 7 22 30
48 41 38 24
37 37 45 11
24 26 43 10
35 38 6 34
2 38 11 7
38 24 29 4
40 40 43 25
45 22 1 15
34 2 32 20
14 33 30 39
39 3 49 12
32 28 7 39
45 7 8 20
31 45 23 41
10 21 3 14
31 15 45 16
39 9 8 35
48 16 42 31
49 48 26 5
26 28 21 5
46 29 24 2
33 7 41 21
35 8 12 31
50 10 35 12
0 30 14 26
40 41 33 38
45 1 37 10
22 14 37 14
14 48 37 6
2 3 42 4
35 29 20 33
40 28 39 45
32 3 35 46
16 8 11 31
36 4 11 25
30 5 10 42
23 24 36 6
48 18 46 31
3 29 28 26
14 33 39 8
29 22 38 18
10 18 11 50
49 16 50 21
19 14 45 8
33 38 41 29
5 34 44 44
49 42 28 1
18 21 45 22
17 28 13 32
4 40 30 12
50 11 9 16
28 29 25 24
49 48 36 40
30 12 22 2
36 13 25 4
19 16 42 19
12 32 3 39
1 36 34 16
32 46 12 50
49 44 17 6
28 25 1 22
2 19 49 14
31 44 49 24
1 23 44 37
18 10 39 48
35 3 41 10
22 17 29 4
48 26 2 2
2 17 6 2
41 49 30 46
8 43 11 27
16 33 35 12
10 16 11 10
6 20 34 36
37 40 1 48
32 35 45 49
45 10 13 26
44 43 8 32
7 44 44 13
35 47 40 10
31 12 1 34
36 25 32 6
27 2 20 37
34 27 31 27
5 50 40 43
22 18 46 43
41 5 34 39
26 39 12 50
24 32 37 27
8 15 8 46
16 1 1 9
23 4 42 37
16 29 23 12
24 31 37 38
19 43 43 37
2 30 36 30
6 3 13 2
46 11 50 23
49 1 22 6
46 19 11 46
9 24 50 32
18 10 32 49
47 9 15 4
28 25 3 42
26 41 44 21
16 36 29 45
34 24 3 1
23 45 4 3
37 46 33 6
22 15 4 25
43 17 34 32
45 48 46 34
1 34 21 35
46 42 9 44
44 21 42 12
44 25 38 41
29 1 12 8
10 14 46 35
5 42 50 42
16 28 46 11
16 17 18 41
19 16 14 14
25 6 43 2
29 31 13 50
46 5 50 41
47 48 23 27
25 29 21 25
17 8 6 47
25 44 18 45
3 33 27 2
21 41 23 29
25 34 48 3
23 10 43 6
23 11 32 32
45 17 13 45
7 44 47 23
48 23 21 42
17 39 14 8
33 21 28 36
40 21 24 38
38 46 28 4
13 49 28 34
9 34 28 33
1 13 7 12
25 13 24 44
42 17 15 15
35 12 43 32
23 40 22 1
39 4 21 44
18 47 4 46
2 2 27 40
6 26 25 27
13 8 47 37
8 50 11 44
9 50 30 1
35 48 33 46
28 44 41 4
24 34 42 27
36 5 31 47
50 13 27 45
46 28 17 25
46 16 25 42
39 24 19 36
49 4 50 32
0 11 48 23
20 5 17 24
50 34 40 27
25 27 44 22
38 50 38 12
33 20 24 34
7 32 10 24
27 47 44 43
36 43 44 10
12 35 15 1
2 26 49 11
3 47 36 27
6 28 6 9
43 7 23 8
13 30 22 8
32 23 16 8
25 14 33 36
18 50 16 35
11 36 40 9
39 5 36 2
2 26 27 50
50 29 37 33
29 27 37 9
48 8 19 18
5 8 27 34
7 26 29 10
8 28 41 32
10 32 16 11
23 35 21 8
46 25 21 31
24 45 10 24
31 14 38 28
17 33 28 43
28 26 46 30
27 3 39 23
16 5 14 6
44 37 32 28
39 10 31 4
24 28 18 26
35 44 14 29
50 6 48 46
43 43 9 5
49 24 20 39
46 9 33 16
38 24 20 35
26 40 6 14
44 42 17 49
28 2 29 11
45 34 5 11
11 26 19 35
10 37 11 35
10 38 5 47
50 47 15 14
16 4 30 46
26 4 1 26
15 16 48 5
43 23 13 31
31 38 45 21
18 14 38 7
23 21 28 15
13 36 49 49
15 37 8 4
0 25 8 40
29 37 9 15
4 23 44 7
45 17 46 35
22 7 15 40
33 35 1 28
36 37 50 29
6 24 22 25
38 42 36 9
19 12 25 21
44 6 30 31
10 40 43 39
24 30 14 49
24 36 17 16
1 16 24 47
13 33 9 12
6 41 49 28
21 6 34 14
31 32 45 16
31 32 27 1
43 28 43 41
3 47 16 46
12 11 19 32
37 45 13 22
34 16 49 19
8 15 19 28
50 34 23 27
9 25 5 37
46 43 42 13
26 39 12 2
17 7 19 19
34 17 17 40
21 49 34 6
11 20 1 38
23 6 50 7
28 20 19 42
29 26 33 24
30 30 2 30
48 37 45 2
47 35 31 8
30 43 26 24
48 50 27 1
14 17 5 3
3 44 15 28
16 17 3 48
41 37 48 8
23 7 25 22
20 42 22 23
40 45 32 48
50 9 35 17
43 45 14 32
22 11 44 11
31 44 30 4
33 23 38 34
14 25 8 45
49 22 9 5
50 34 13 44
48 22 33 42
38 32 12 9
46 26 48 45
17 34 43 25
3 22 11 32
44 37 11 15
4 2 37 46
49 47 29 44
47 18 26 9
0 19 8 10
23 48 31 28
5 41 26 36
35 47 31 34
48 33 20 8
0 9 9 33
4 30 29 12
26 48 19 6
15 22 10 40
2 37 16 2
21 37 11 34
4 11 7 21
31 30 48 4
37 38 18 50
28 13 13 16
39 48 46 11
48 39 18 48
45 22 1 8
48 16 3 27
36 15 11 1
2 29 6 6
26 46 29 2
48 18 32 18
8 9 21 30
46 40 4 37
33 48 21 48
26 27 10 24
11 23 17 30
50 26 8 42
5 41 48 20
9 37 40 29
22 19 47 9
22 48 23 18
17 31 33 20
15 42 41 26
31 8 12 31
50 21 46 7
1 38 3 31
49 48 12 44
5 15 15 28
42 29 14 31
30 16 8 8
7 29 15 26
39 46 24 17
24 22 14 18
31 34 21 24
48 49 36 19
26 22 18 20
22 13 20 33
3 32 27 38
27 3 40 11
41 10 7 36
45 45 42 43
11 39 40 19
22 23 40 37
49 34 28 47
25 39 8 19
37 39 1 9
19 14 44 17
9 43 10 33
11 5 7 23
20 13 48 27
47 34 42 31
34 31 2 22
48 43 14 4
20 36 39 13
45 48 45 49
39 3 46 42
9 14 42 17
25 29 36 34
26 43 26 23
33 19 22 46
25 27 10 41
30 8 40 46
31 36 3 24
9 40 48 41
14 22 15 4
2 31 30 2
7 8 40 31
43 14 21 6
34 7 32 48
50 34 29 8
35 24 6 17
26 22 21 19
44 40 14 37
14 33 49 11
26 13 36 48
38 22 21 16
34 10 9 24
45 29 25 41
17 34 28 9
13 11 31 28
38 36 11 25
42 29 26 13
23 12 24 18
2 21 27 40
29 27 42 18
42 7 7 49
44 47 22 32
15 45 39 48
13 50 1 1
44 26 28 19
49 21 46 15
34 5 20 36
23 36 27 37
49 14 39 19
4 45 11 39
27 38 31 13
43 29 50 27
12 39 6 11
38 13 3 49
39 24 7 50
42 19 29 28
13 43 15 25
10 42 17 48
22 16 42 21
29 35 26 44
48 31 19 27
41 15 23 13
13 10 35 24
29 4 22 11
49 17 14 7
2 32 21 17
48 23 7 10
38 24 40 27
50 44 42 35
3 15 43 37
43 35 45 4
2 7 40 13
18 1 4 16
41 12 26 6
36 34 25 44
45 47 18 17
7 47 22 3
34 5 41 16
38 47 38 9
11 22 23 12
10 44 28 27
11 12 42 7
0 17 48 28
20 16 27 1
11 9 38 38
32 49 1 49
15 10 3 11
30 48 39 40
3 22 27 34
29 48 34 11
44 42 27 50
49 11 45 3
50 15 11 4
15 23 12 39
6 9 37 16
29 44 47 41
22 37 49 16
39 21 26 48
30 18 37 12
8 23 26 46
41 7 50 13
4 2 34 27
25 45 25 48
27 20 33 21
21 14 45 3
13 13 36 11
21 16 7 31
0 8 10 7
22 25 20 43
28 44 9 23
10 18 28 7
27 6 34 39
25 40 3 9
22 12 5 9
47 16 30 3
19 34 29 4
17 29 28 36
16 30 11 16
4 11 26 16
5 14 49 13
16 20 6 31
45 35 9 40
40 29 29 35
8 12 9 16
16 13 44 14
33 16 25 45
46 10 8 43
8 35 20 2
22 9 49 17
34 40 23 15
40 16 50 14
34 42 18 45
32 34 27 26
27 18 2 47
22 20 24 50
1 3 20 11
7 11 15 30
24 17 1 30
18 26 13 14
33 38 6 6
26 29 47 26
20 19 30 1
2 24 43 47
31 14 43 12
14 15 15 43
38 43 21 43
35 15 36 13
42 16 48 9
49 44 13 10
13 9 7 7
19 35 13 2
9 11 5 6
34 50 36 43
9 50 7 21
49 2 29 40
18 10 18 21
5 26 33 7
31 6 47 28
40 46 17 1
39 18 8 31
23 14 49 41
35 2 38 11
10 46 3 27
18 5 31 17
16 49 50 8
32 46 26 41
