999 3
50 39 48 28
38 49 36 21
45 23 44 49
37 41 25 40
39 34 42 43
48 43 48 42
35 43 45 25
39 47 32 38
39 21 26 25
40 31 43 49
42 45 22 27
46 36 23 47
41 46 31 21
44 50 34 32
35 40 28 26
44 24 23 30
36 42 21 50
41 49 42 50
46 48 41 37
48 47 44 45
39 34 21 25
35 41 38 41
42 48 39 36
46 42 23 29
48 21 31 39
37 27 49 31
42 34 21 42
40 42 31 47
40 24 38 23
36 25 30 24
48 27 23 45
45 34 49 32
42 30 27 22
37 37 47 44
39 32 49 31
38 35 27 35
44 23 49 36
42 50 21 23
36 48 49 22
43 48 25 41
44 50 22 30
47 37 27 43
38 45 34 49
38 43 35 37
48 29 42 25
36 40 40 42
46 39 44 47
35 46 32 25
38 39 21 39
36 22 35 31
47 32 22 35
44 29 28 44
47 47 50 36
50 22 41 28
49 25 33 33
47 39 29 28
45 32 28 50
50 44 23 26
50 23 35 31
39 21 30 36
48 35 23 44
47 35 46 33
44 44 31 29
36 22 20 26
37 30 50 47
41 28 21 47
46 30 24 31
41 50 30 26
44 29 22 30
45 36 40 50
41 34 24 39
46 47 30 27
46 46 44 50
36 40 47 42
44 44 28 21
46 47 44 46
39 40 22 25
49 43 36 26
42 47 44 36
44 34 31 46
36 28 38 46
42 44 22 25
50 23 30 30
48 45 48 31
37 34 38 24
42 42 22 26
43 44 22 36
48 25 20 44
45 27 38 48
39 30 21 40
48 49 38 20
36 30 47 33
45 43 29 23
37 31 35 24
46 40 50 24
35 43 44 37
43 20 28 26
38 32 28 49
40 38 41 50
44 33 40 50
47 30 27 47
38 35 40 21
41 21 47 28
39 28 31 50
47 21 30 38
45 48 21 20
44 22 39 48
36 49 33 38
40 29 39 41
41 25 20 24
45 34 48 28
38 39 37 43
38 39 42 41
35 29 24 29
43 20 28 43
35 36 38 45
40 44 42 48
50 25 44 35
35 41 44 28
38 38 30 24
49 34 50 45
39 36 20 40
41 35 21 32
35 26 48 30
40 40 49 22
43 47 42 36
50 22 31 48
47 28 36 22
41 28 47 49
36 40 50 35
38 28 39 42
39 28 32 33
43 42 47 28
41 36 24 31
37 42 47 31
49 37 22 25
45 43 25 37
50 43 24 25
39 37 41 43
41 32 24 42
38 49 30 47
35 23 37 29
38 40 33 31
46 45 38 44
36 24 27 25
46 47 44 30
39 40 49 48
46 29 43 41
36 47 44 30
49 29 45 26
48 35 26 25
36 40 29 33
40 37 37 21
36 50 41 46
39 20 24 36
37 41 27 46
41 47 30 41
50 36 34 33
35 26 41 32
42 44 34 29
36 30 35 22
41 45 31 50
50 45 28 33
43 24 40 42
39 50 44 21
48 43 41 39
37 30 35 33
40 33 45 31
39 44 22 39
48 43 40 21
43 31 32 49
37 34 41 21
42 28 37 30
35 21 33 31
41 32 24 25
40 46 29 43
49 28 26 29
47 29 30 49
35 35 36 40
39 47 45 34
46 44 47 23
45 32 41 26
40 28 48 22
50 20 20 37
41 42 38 20
43 24 22 41
36 32 28 21
43 38 29 21
50 49 25 47
38 24 23 42
47 20 50 25
48 43 39 21
40 32 42 32
48 42 31 28
50 49 35 27
47 22 39 23
48 35 38 47
43 37 39 24
42 41 38 43
42 41 45 42
48 30 33 48
35 20 28 41
42 49 48 28
36 37 31 23
45 44 26 21
37 46 38 43
40 25 43 31
48 38 33 21
50 27 48 26
49 42 43 34
49 26 26 30
40 49 34 40
38 30 29 43
36 42 48 45
40 37 37 44
49 31 36 38
45 45 39 40
41 50 21 40
39 20 20 34
43 30 44 21
49 24 49 50
37 23 46 41
50 27 43 20
41 31 20 37
37 49 40 29
42 41 43 30
40 37 32 21
36 20 38 37
43 28 35 33
46 41 32 35
5 7 3 6
48 35 44 48
49 28 33 33
44 23 37 35
38 43 48 20
41 41 40 32
49 42 44 42
43 48 23 48
41 37 26 38
43 29 34 31
42 22 29 35
45 34 28 45
45 38 31 22
49 23 37 23
38 34 22 38
40 32 37 43
42 24 42 37
40 38 48 43
50 30 37 42
46 36 38 33
40 25 45 34
39 36 46 32
44 42 23 22
35 39 38 33
41 27 24 29
48 45 45 23
45 37 30 31
40 32 50 26
37 26 50 30
43 22 26 30
35 25 29 27
43 49 40 44
35 33 20 43
46 24 33 38
41 32 42 37
36 27 33 29
46 42 38 43
35 21 43 33
43 46 39 29
50 45 49 32
42 41 48 45
47 32 22 34
39 28 37 39
38 27 39 24
37 39 48 48
43 36 23 23
36 42 43 48
35 36 25 33
38 44 31 21
43 26 44 23
40 47 35 22
49 37 33 40
47 33 49 44
41 36 38 49
48 42 40 46
45 26 26 27
36 41 38 28
49 40 29 36
40 46 32 41
48 34 21 31
37 44 34 45
38 21 26 31
48 33 46 25
36 31 40 24
40 48 39 27
38 43 28 48
39 35 32 40
35 27 35 43
37 38 47 37
42 41 39 24
41 35 43 35
49 48 40 34
35 31 45 36
42 43 35 45
35 46 22 35
43 25 33 47
49 27 45 33
36 34 44 39
48 37 22 28
39 20 27 50
47 45 23 20
35 46 30 26
40 26 31 30
47 50 26 44
46 36 37 46
40 49 26 30
39 20 43 37
42 35 49 23
46 46 24 29
47 47 31 35
47 41 36 41
42 27 23 50
43 47 49 47
36 50 38 42
35 27 50 40
41 40 23 47
39 21 32 34
43 26 38 31
35 30 21 43
47 24 34 44
48 23 22 36
39 37 31 35
42 40 26 36
40 28 25 43
36 35 47 35
44 45 41 27
43 20 45 40
37 40 33 27
47 26 28 50
39 50 48 39
43 46 45 29
49 49 44 40
36 29 49 48
49 44 22 50
47 28 43 40
48 41 25 25
42 30 22 42
41 34 26 21
42 50 31 47
40 34 42 39
36 32 43 20
39 35 47 35
43 42 34 28
48 28 43 35
43 40 31 39
38 32 20 36
44 33 36 46
41 26 40 25
38 38 20 29
41 33 34 42
38 36 27 40
45 46 37 35
45 42 31 24
41 32 42 50
39 42 34 42
49 39 42 28
44 38 49 49
36 25 35 22
46 30 32 22
48 43 32 42
37 48 44 50
49 39 34 42
43 42 37 35
49 26 42 25
50 44 31 46
35 41 29 43
42 35 22 33
36 22 33 35
44 23 38 39
35 50 31 35
39 48 33 49
41 30 45 23
38 37 44 38
45 22 27 39
46 33 41 34
42 35 40 32
48 31 33 35
45 27 25 39
47 21 27 25
47 24 27 44
44 29 43 49
39 29 42 22
41 44 42 32
43 20 47 33
49 28 30 21
44 23 47 45
48 45 30 20
46 32 21 34
36 42 22 24
46 22 23 38
43 42 39 25
43 47 32 21
49 44 44 30
36 42 35 44
48 40 23 40
41 22 42 22
47 22 41 24
43 45 45 47
38 26 26 25
47 49 49 45
47 22 32 49
44 40 38 36
42 34 45 21
36 27 35 43
42 24 20 48
43 44 20 42
44 22 42 46
14 3 4 7
38 30 31 35
37 34 22 35
44 36 33 21
41 25 21 27
37 34 31 28
36 47 45 30
50 45 31 41
39 34 31 37
47 28 26 36
50 46 20 27
43 45 39 38
42 32 30 45
50 33 23 27
45 37 20 49
40 28 25 30
38 46 49 33
48 49 33 36
44 23 42 44
48 45 50 20
40 31 32 35
44 20 21 45
37 24 43 42
42 25 41 35
43 43 42 22
46 44 36 33
35 37 48 46
40 46 30 49
42 28 33 44
41 36 43 45
46 46 43 30
50 47 39 42
37 33 21 34
48 23 35 46
49 29 21 41
45 42 27 20
35 21 43 33
46 35 46 34
48 48 44 35
41 30 45 27
36 48 48 26
35 46 48 46
41 21 26 29
42 47 26 45
50 21 50 46
49 32 23 33
48 23 28 33
47 43 44 35
49 23 26 45
49 26 44 29
44 25 32 27
50 35 28 44
48 39 25 26
43 32 38 49
39 34 45 42
49 38 41 47
46 50 31 49
41 31 35 49
43 20 26 36
44 29 26 32
38 49 36 31
43 35 40 28
47 28 47 23
50 43 34 35
47 33 25 42
38 20 49 41
40 35 20 27
36 25 29 24
36 31 24 23
38 26 42 49
41 38 21 23
37 25 33 44
35 33 40 41
41 30 45 48
35 43 37 31
40 46 34 36
50 46 42 32
39 28 45 45
37 35 30 38
45 49 36 39
42 44 35 47
45 40 26 32
35 50 24 29
44 43 43 31
41 23 30 47
42 27 29 41
48 41 30 46
43 46 25 39
38 31 36 50
48 26 23 34
37 36 33 32
39 36 25 50
38 49 40 27
49 29 21 47
39 24 35 46
49 44 29 50
45 27 32 25
43 41 26 25
38 36 29 24
50 21 23 26
48 39 49 36
36 36 49 22
46 45 32 23
43 24 47 41
35 29 37 30
42 26 44 43
47 26 49 46
39 40 21 22
47 36 30 40
49 21 39 30
39 39 28 30
36 34 20 42
44 25 25 25
42 29 44 47
40 33 33 24
45 36 47 44
48 29 33 35
37 42 41 45
41 22 41 46
49 30 31 50
50 21 24 39
41 36 21 25
48 47 49 25
49 31 25 38
35 34 40 43
43 34 45 29
44 20 26 30
38 46 38 25
42 48 22 21
39 42 43 36
35 48 25 21
35 34 40 31
39 44 36 43
48 50 46 21
36 41 37 26
43 41 40 23
45 45 33 32
36 38 21 47
44 28 28 36
39 25 45 30
40 37 42 33
40 24 43 36
38 48 29 44
50 38 26 27
41 32 45 50
49 50 49 30
38 45 30 50
44 45 31 45
47 43 22 50
44 30 47 23
45 42 28 32
42 40 33 35
41 43 29 30
50 26 35 28
41 21 30 46
44 48 37 45
41 43 48 43
46 29 23 20
41 40 45 24
41 39 36 47
39 22 28 24
40 50 47 31
38 35 34 39
40 48 26 40
38 32 34 27
41 21 47 35
42 38 45 25
43 40 50 23
49 32 36 36
36 36 25 50
46 29 26 39
45 29 36 34
38 32 24 22
41 24 46 20
37 38 40 26
40 39 40 24
36 42 38 33
38 37 33 30
40 27 35 21
35 32 31 23
35 42 34 21
37 32 30 33
42 42 47 36
50 38 38 22
45 27 41 29
40 37 37 41
47 20 46 40
43 29 43 43
44 49 25 30
50 47 24 47
38 41 34 33
37 40 45 33
41 49 50 48
41 39 23 28
35 38 33 48
44 26 49 48
35 21 42 24
43 47 44 21
37 30 30 44
36 27 43 34
48 40 34 43
49 21 24 40
48 35 25 26
38 40 49 49
45 22 37 33
38 44 27 37
48 50 41 22
46 26 21 47
49 37 48 47
36 25 30 35
41 23 21 44
50 42 34 50
37 33 20 48
43 25 26 48
40 50 45 49
46 49 45 38
38 27 48 39
49 31 38 48
42 38 31 29
41 31 43 39
35 47 50 25
38 26 26 41
46 31 30 38
50 25 41 24
42 24 20 25
47 35 23 26
41 47 45 44
41 42 49 50
45 41 49 43
49 40 41 38
39 20 34 23
38 31 50 24
35 28 43 47
45 38 49 35
35 27 43 28
47 40 31 22
47 22 36 45
37 37 48 39
50 33 31 22
40 43 38 32
43 47 33 35
49 27 30 42
49 36 45 46
48 47 50 40
43 32 50 45
47 44 20 41
48 46 27 44
38 42 42 25
39 25 36 24
35 48 33 34
41 38 20 33
47 21 28 46
35 22 44 38
42 35 30 39
35 47 29 42
37 40 45 23
42 42 50 24
49 43 35 21
42 26 26 42
42 45 29 25
47 36 44 39
41 43 25 41
40 35 44 31
40 37 20 48
44 46 46 33
35 48 50 27
36 45 50 31
49 23 34 34
41 33 48 33
41 44 26 50
40 22 27 23
38 27 29 41
43 44 28 37
42 50 46 25
49 29 50 50
37 50 35 40
47 43 29 37
25 6 7 3
42 45 31 20
42 25 44 35
49 25 30 20
47 32 34 34
38 38 25 26
37 32 24 29
35 22 35 31
47 24 23 42
48 20 26 33
47 23 26 23
40 48 44 20
36 42 36 33
40 34 31 33
41 23 25 29
47 27 28 42
43 40 41 20
47 40 23 34
40 28 31 36
46 41 20 31
39 35 43 48
40 39 26 48
49 42 43 32
49 34 42 23
42 35 21 24
36 35 41 29
35 39 26 29
46 35 34 39
36 41 42 34
47 42 47 27
40 20 23 42
42 38 21 46
50 32 44 22
49 25 38 22
50 43 43 48
35 26 36 43
50 46 20 30
49 45 29 43
38 41 42 45
38 38 26 30
37 22 45 37
49 21 39 43
35 45 28 40
46 36 50 25
40 37 37 50
45 26 35 26
48 28 25 41
50 34 33 37
50 46 33 28
43 24 21 43
40 46 46 47
37 34 49 48
50 33 47 49
47 39 44 24
37 50 38 46
39 32 31 47
49 40 32 39
46 21 36 28
46 27 31 29
45 43 37 50
41 26 30 25
48 40 21 24
49 31 30 43
36 20 26 31
41 39 21 42
45 50 44 29
50 30 21 38
50 32 44 48
47 36 34 48
48 47 34 44
50 26 23 37
41 41 28 34
35 36 27 29
47 37 49 37
50 25 39 43
41 34 44 31
50 24 32 21
35 42 39 24
50 49 25 47
44 40 30 28
43 43 47 45
49 25 25 44
42 40 32 40
50 40 43 20
50 48 34 29
47 23 27 24
44 32 48 22
47 47 24 29
45 45 48 47
47 29 23 44
38 46 25 35
44 41 25 21
36 35 34 42
35 22 35 50
40 49 30 50
41 30 33 45
40 47 38 35
40 32 37 27
39 49 31 34
36 27 30 29
49 36 40 40
42 41 23 27
38 40 43 33
49 43 22 48
47 33 49 47
45 21 25 44
47 31 41 28
47 43 26 50
41 40 45 47
37 31 36 23
41 37 25 31
44 32 29 37
37 45 43 27
44 34 25 26
47 45 43 27
45 22 29 26
38 38 29 50
35 32 32 21
41 46 38 38
45 29 38 21
45 37 39 37
49 40 35 48
36 42 40 41
38 28 50 33
39 31 32 26
39 21 24 24
37 20 33 25
37 45 39 20
48 34 46 38
38 32 31 24
45 21 34 41
48 24 40 33
36 42 27 37
37 34 47 47
46 49 47 41
45 23 25 38
42 25 44 42
35 35 24 29
43 23 27 34
38 50 23 44
46 31 42 21
40 41 39 37
37 47 49 42
42 41 39 47
38 34 47 30
48 46 50 37
46 45 25 35
36 44 21 37
40 48 39 21
46 26 50 39
35 29 50 24
50 32 41 46
49 29 45 48
49 34 34 22
40 25 45 42
44 27 45 25
42 41 41 24
37 31 42 36
42 35 45 31
48 34 22 43
42 36 20 23
50 24 25 48
39 46 40 27
41 42 46 36
47 27 29 45
37 31 33 39
43 48 28 35
41 37 33 28
47 36 39 44
38 48 39 28
40 38 34 41
46 25 24 40
35 27 47 29
35 35 20 36
45 25 42 46
36 32 45 20
43 30 33 47
49 49 40 33
37 22 40 26
49 50 49 35
39 27 46 30
46 45 31 50
40 36 31 29
47 33 26 26
43 32 48 37
38 30 39 50
45 24 23 44
45 26 46 41
44 24 35 25
45 49 44 22
36 47 34 41
42 27 29 42
49 40 24 37
48 43 41 24
41 41 47 48
45 20 43 26
42 40 32 39
48 25 44 43
38 32 34 22
39 29 36 40
37 29 42 49
35 39 22 22
42 39 30 29
41 46 26 29
42 50 21 26
49 33 26 35
36 36 38 26
36 28 30 36
44 34 46 32
48 34 32 21
46 35 27 47
41 47 47 25
37 36 35 36
39 30 48 24
41 20 24 40
39 48 27 20
45 35 48 44
38 44 47 44
40 25 42 24
46 49 31 29
40 23 38 35
46 37 29 31
39 34 42 49
43 48 39 35
41 23 36 34
36 43 39 34
37 42 27 42
40 40 21 25
46 31 47 50
36 45 22 32
50 42 26 39
48 34 45 39
47 32 47 29
47 42 48 48
41 30 47 48
50 45 30 47
41 39 23 46
43 26 30 34
43 43 43 24
42 49 33 40
38 20 27 31
46 44 21 22
40 34 39 42
45 35 25 41
40 35 44 21
40 25 25 34
37 30 39 25
39 47 33 30
39 37 43 42
36 46 45 29
37 39 37 21
48 29 47 38
43 41 28 38
48 27 35 40
38 47 47 48
46 47 28 25
41 32 38 26
36 26 45 39
37 26 39 34
49 36 42 21
42 24 22 50
44 34 28 33
48 45 45 23
42 22 29 26
38 24 31 36
40 33 43 43
47 45 34 36
37 28 24 43
47 22 32 28
39 36 26 30
50 20 37 45
47 28 33 28
41 29 46 46
49 39 32 39
41 22 35 48
41 26 26 30
36 44 20 28
41 40 32 20
50 29 44 37
35 28 31 32
48 42 40 39
41 40 20 48
39 20 45 49
48 29 47 44
49 34 28 29
46 48 49 46
50 24 29 48
41 20 50 27
41 48 29 44
37 24 30 47
48 20 45 30
41 29 39 50
36 50 45 37
48 38 37 25
42 48 26 48
46 45 37 34
49 32 41 28
42 25 41 38
45 34 30 31
43 43 33 42
43 32 30 35
40 37 21 46
37 21 27 28
49 28 27 27
50 47 26 49
