759 3
47 30 7 16
17 49 9 13
3 8 11 10
14 5 49 4
20 11 42 35
29 43 17 27
40 47 37 46
32 8 42 16
15 31 44 32
39 16 48 44
22 17 6 22
29 35 9 13
44 13 5 14
6 23 34 31
21 25 25 6
34 49 41 48
32 43 40 44
30 15 20 46
27 47 4 22
5 14 15 46
23 18 9 20
48 43 24 25
39 11 35 38
1 18 7 47
29 37 41 23
40 17 25 25
36 39 24 24
2 24 26 13
8 4 25 2
7 43 9 10
46 38 14 14
43 36 8 29
13 9 18 3
31 36 25 36
21 3 43 39
2 23 15 28
3 43 17 28
19 15 20 37
1 8 35 19
47 48 40 4
36 34 11 46
2 13 33 39
11 44 35 15
13 20 21 48
5 22 22 10
13 5 1 11
19 48 34 34
20 3 15 7
36 32 31 23
10 37 7 37
20 29 34 29
42 19 34 8
18 22 25 28
46 31 21 20
42 27 40 35
31 48 10 2
9 4 37 9
7 39 31 10
39 30 47 18
49 22 19 23
18 13 48 43
30 20 44 14
38 37 25 39
22 12 35 8
46 47 2 46
7 21 45 10
37 18 45 41
26 34 34 41
31 12 1 45
9 1 20 13
8 19 5 43
10 14 24 34
7 26 2 44
39 23 22 41
36 21 39 21
16 5 18 15
30 48 32 35
15 21 19 42
10 5 30 37
0 25 32 17
0 19 44 44
6 4 41 10
0 33 18 28
44 27 44 18
36 18 26 11
46 44 24 35
33 33 48 35
20 5 8 8
44 16 46 31
12 22 48 16
0 19 15 7
44 25 31 4
46 7 6 47
29 26 31 44
2 22 1 36
3 49 13 1
38 20 44 5
19 20 25 21
28 27 14 15
0 35 31 22
20 44 1 23
1 5 38 32
13 48 46 32
43 33 21 25
40 23 49 25
37 46 11 48
23 3 28 13
29 48 23 36
13 21 48 48
27 44 11 17
14 39 43 28
39 33 20 13
27 12 2 46
34 49 6 13
9 32 4 19
38 9 15 32
19 35 4 48
17 6 17 18
2 33 37 34
29 16 44 46
12 35 45 14
36 10 19 17
6 15 42 11
23 41 33 47
41 27 1 20
17 4 47 44
16 40 35 1
28 4 1 10
7 41 38 42
25 46 22 19
39 24 49 23
24 49 8 32
37 48 3 37
13 24 13 47
35 29 1 18
0 40 8 15
40 24 47 20
16 30 29 6
21 29 16 1
3 34 4 49
16 38 20 8
41 15 23 47
40 4 25 30
23 33 12 34
23 28 29 4
32 21 4 48
47 20 42 18
42 33 4 41
38 5 7 10
15 12 10 14
25 7 3 26
13 9 10 45
43 11 5 8
22 5 37 20
5 8 26 11
5 5 20 27
47 33 11 11
35 22 38 30
43 30 16 1
40 13 26 21
44 32 20 12
6 20 25 44
2 49 14 12
2 24 30 32
21 8 35 32
37 38 16 45
41 7 37 32
16 41 49 30
7 26 40 24
20 18 32 4
47 17 15 34
5 21 42 46
20 42 46 43
30 25 30 3
30 20 36 28
30 42 9 37
4 36 4 15
48 1 39 16
28 35 39 34
46 47 8 6
40 1 3 46
23 22 15 10
9 37 23 36
7 13 26 19
26 6 41 30
5 4 5 25
5 26 17 37
29 4 10 9
6 24 34 14
27 39 16 1
45 32 33 17
23 2 44 15
20 7 49 46
48 4 35 9
24 7 21 27
29 33 36 34
41 24 24 39
33 12 3 6
47 16 15 25
36 32 4 2
39 15 32 33
43 47 18 49
43 45 39 49
42 32 25 48
47 34 43 28
47 42 40 47
44 34 28 16
4 42 1 14
44 28 20 7
45 2 47 6
2 12 15 31
15 20 35 7
9 39 30 31
15 29 39 9
17 21 12 47
0 38 39 45
5 44 7 44
44 11 6 3
42 33 23 22
18 29 13 17
8 4 34 41
36 41 17 11
30 40 7 38
46 21 16 20
12 3 12 38
15 11 39 8
45 32 15 20
47 3 43 15
24 39 48 17
3 7 5 40
25 38 11 39
41 37 3 8
15 17 9 5
7 2 33 21
5 10 10 36
6 1 8 43
0 49 44 16
3 41 22 13
47 40 22 45
28 19 12 18
15 28 7 37
24 47 38 29
29 36 27 6
12 22 9 21
9 44 17 2
29 48 26 3
28 29 11 1
48 1 9 42
37 1 36 44
25 16 25 33
23 45 10 13
36 49 16 37
8 22 11 40
21 14 34 29
34 32 18 24
48 29 1 43
23 3 24 45
23 32 5 45
23 2 19 47
41 37 4 43
4 13 46 29
0 11 24 43
31 27 29 49
45 40 25 17
22 35 25 2
39 10 36 6
30 40 48 38
10 49 24 47
42 33 35 33
12 35 16 22
1 25 42 38
35 23 25 23
4 20 6 22
49 40 35 14
47 37 40 7
26 9 8 18
41 27 1 46
41 33 4 1
5 17 41 5
8 46 15 44
25 15 45 35
2 49 18 21
25 39 35 26
49 21 8 3
33 41 11 38
44 25 21 26
33 21 21 49
40 13 15 13
38 10 3 19
30 29 28 22
25 9 19 40
22 20 26 8
7 41 22 42
26 20 20 29
14 24 23 12
49 15 17 36
34 37 40 29
27 1 27 3
7 4 1 45
24 27 22 24
9 4 23 26
6 9 41 25
22 39 38 31
15 49 23 27
17 22 41 4
22 27 16 43
25 2 6 12
9 3 5 14
36 20 43 2
43 20 23 41
23 11 39 10
28 36 3 3
20 24 34 44
8 1 16 6
38 18 39 28
36 17 18 25
37 8 46 47
17 12 4 27
41 33 14 44
31 24 27 27
44 31 17 29
42 22 14 20
31 41 34 25
44 34 45 12
5 20 31 48
41 17 40 40
10 22 5 13
19 24 49 39
46 32 44 37
20 18 7 23
26 45 13 41
12 7 31 26
20 41 4 20
40 1 43 31
25 28 21 22
42 3 4 32
20 15 3 13
44 3 48 6
0 6 44 39
39 29 21 38
8 48 9 32
29 43 39 9
4 12 40 7
22 43 23 10
38 40 27 12
49 7 3 1
6 16 39 42
30 23 45 6
17 5 27 2
13 32 49 38
26 19 5 8
11 10 8 44
16 39 5 47
8 9 29 19
1 9 2 23
26 9 12 33
13 29 20 40
8 47 36 38
18 39 24 41
46 23 39 18
31 28 11 45
46 39 39 47
45 45 20 42
21 14 15 21
43 41 5 47
37 35 13 27
17 7 32 49
7 12 44 25
17 38 4 2
26 36 24 16
37 30 26 39
48 24 22 11
6 41 33 2
49 49 14 44
5 37 28 47
6 33 42 14
36 6 47 24
0 17 34 19
7 8 41 31
39 45 21 25
14 48 46 47
20 47 38 26
20 19 27 38
24 14 45 12
15 35 9 30
48 32 8 2
12 36 24 40
17 31 31 25
44 49 46 34
3 11 25 13
11 17 21 19
33 17 14 35
10 40 33 15
21 40 13 7
49 25 24 26
32 26 49 18
37 43 46 27
17 30 3 45
28 12 14 10
1 45 34 31
11 46 37 30
20 44 1 18
35 48 16 37
20 35 26 30
40 21 10 27
30 31 4 39
22 18 11 26
37 49 6 39
16 32 27 21
11 49 13 19
26 28 5 19
42 19 34 5
10 12 35 30
19 38 20 48
1 1 18 38
7 12 40 20
20 37 24 38
17 8 7 8
45 21 2 1
32 29 38 40
29 36 15 38
43 13 41 37
37 1 30 12
36 6 42 11
0 20 11 45
23 30 40 4
41 3 33 37
32 44 48 18
31 48 25 8
5 6 38 49
17 26 10 7
31 29 49 8
42 22 5 1
1 29 47 45
31 29 22 15
8 46 49 38
36 18 9 9
20 42 13 48
47 31 9 43
35 24 19 34
3 48 7 11
22 19 35 1
1 19 30 2
20 25 8 48
26 33 38 23
4 40 38 49
5 28 28 48
35 34 1 49
20 42 36 7
8 29 44 27
17 29 47 20
39 21 15 31
30 37 30 3
22 13 34 14
13 18 1 6
34 10 40 35
17 37 45 48
10 33 46 47
16 48 10 10
46 28 49 13
34 6 12 39
21 28 43 41
10 27 35 25
2 18 39 14
40 40 17 42
27 34 17 12
34 29 24 44
38 38 47 19
9 36 19 18
29 23 4 19
22 27 39 21
15 41 27 38
26 19 24 35
39 43 1 4
47 44 7 27
5 40 3 28
45 32 47 45
4 8 10 23
47 37 29 45
40 19 39 25
33 15 35 5
49 36 49 47
23 15 47 6
0 17 32 24
12 5 48 45
44 48 1 29
2 5 7 18
15 24 8 49
4 17 44 6
42 49 47 46
1 14 28 7
24 13 47 42
36 10 41 5
10 27 31 37
25 41 12 25
18 24 36 21
13 21 1 36
44 19 49 37
35 48 43 11
9 36 35 23
28 25 33 12
19 48 22 29
8 38 15 29
30 34 37 33
46 19 23 19
37 8 47 19
45 17 15 39
4 27 7 31
31 26 26 45
1 43 14 2
48 40 17 20
48 5 4 7
17 19 37 13
22 43 39 22
4 35 30 16
22 13 12 25
6 15 3 44
40 19 49 44
46 29 16 11
17 33 12 9
31 5 2 5
42 13 7 40
6 13 1 1
0 13 40 3
20 17 22 4
43 49 45 37
24 36 37 48
28 47 26 13
37 25 24 9
43 19 21 36
26 39 34 5
30 2 49 19
7 21 34 1
41 20 13 19
32 49 17 21
15 46 33 16
28 16 9 39
8 3 9 19
32 45 40 26
0 11 42 12
34 5 35 35
13 26 20 29
34 5 13 14
9 30 26 16
15 39 36 22
0 37 14 16
30 7 15 48
8 6 9 33
22 14 13 2
17 20 22 36
29 16 10 3
5 42 11 48
25 48 37 25
7 20 28 28
28 26 14 16
37 16 22 47
43 12 9 11
47 3 9 28
35 22 22 47
41 4 36 28
36 11 28 26
27 35 34 10
16 45 30 36
6 29 20 15
23 30 30 7
1 38 33 47
17 4 39 45
37 13 45 34
6 27 34 39
8 25 43 17
13 34 33 43
35 6 22 28
11 49 21 24
10 19 15 28
21 43 12 4
11 35 16 11
38 42 26 8
6 42 3 22
6 31 3 27
41 48 20 3
6 7 29 28
4 37 37 38
0 41 12 26
34 21 30 11
7 12 17 49
20 27 27 33
37 13 31 25
14 45 40 29
22 19 20 8
6 34 23 45
26 30 46 6
33 37 47 30
44 37 1 13
24 49 7 20
45 3 25 11
36 18 3 23
13 30 34 48
3 8 5 11
21 35 35 36
4 34 1 23
34 16 12 33
1 42 6 21
47 42 36 20
42 16 42 39
7 1 2 36
33 16 44 6
32 16 7 1
11 49 26 7
32 48 17 26
23 23 36 48
45 29 48 8
15 24 10 13
26 38 4 34
35 36 10 4
3 16 24 38
22 30 38 16
36 16 29 47
44 17 30 8
38 2 14 6
35 42 34 34
29 24 7 17
17 16 19 29
23 21 29 1
15 24 43 42
44 3 16 12
27 10 25 48
16 16 11 9
26 47 40 30
25 17 49 46
4 7 22 19
33 28 1 13
21 4 41 41
47 3 23 41
18 20 12 30
47 12 49 37
34 18 43 3
47 36 42 46
45 29 42 23
7 47 20 25
2 2 15 17
0 49 35 40
30 9 6 49
31 12 39 5
3 25 35 7
17 12 19 27
17 9 45 41
36 30 48 25
37 39 20 29
21 49 5 42
13 3 43 44
18 5 47 4
7 33 6 33
43 34 7 30
36 32 13 35
46 17 3 30
29 7 15 13
41 38 5 39
7 8 37 26
5 37 45 31
2 45 17 1
2 46 25 46
8 3 34 12
49 7 47 29
5 39 9 3
2 3 28 37
25 49 44 15
30 46 23 29
39 42 34 45
2 19 19 49
12 5 28 21
30 37 4 20
11 40 10 39
38 47 16 27
14 24 47 43
15 7 16 10
13 24 20 3
13 49 33 13
28 38 28 30
5 47 30 44
48 48 36 16
19 2 26 30
20 25 38 28
13 49 28 34
23 31 43 5
13 18 1 42
45 40 27 31
20 26 17 49
11 10 36 4
4 44 18 46
27 4 12 7
11 32 20 3
35 21 26 26
5 41 30 10
31 13 37 12
24 2 28 24
40 21 46 18
6 36 4 30
35 10 37 27
15 47 3 17
7 42 37 23
40 16 38 36
22 34 27 49
1 8 11 36
2 19 11 18
44 32 48 10
4 16 9 49
19 29 39 41
5 46 23 42
21 47 47 30
47 10 20 36
8 31 30 37
45 6 48 22
30 25 45 46
17 36 47 35
11 16 19 29
2 23 14 13
48 33 32 49
31 14 7 2
26 47 14 4
48 23 41 23
23 28 5 17
21 22 34 20
42 13 28 2
1 15 26 13
0 24 37 22
36 7 16 33
32 28 16 16
7 12 28 21
25 48 43 18
3 15 31 13
43 29 37 33
7 49 36 7
46 14 22 3
45 4 39 17
35 40 36 3
10 12 20 14
11 8 5 30
23 13 13 4
8 23 1 21
15 5 5 36
0 47 32 18
19 46 1 5
41 2 31 4
21 19 6 45
46 9 9 4
39 20 29 16
26 46 48 12
18 7 26 32
18 35 48 33
14 7 48 40
14 14 19 44
13 22 32 42
23 22 8 2
30 46 35 34
35 23 36 16
44 41 29 21
30 16 27 44
12 37 24 15
47 48 43 6
