999 3
25 23 47 31
32 10 44 47
7 1 9 23
2 42 24 19
14 19 7 47
38 6 23 7
14 21 39 30
29 35 30 8
24 29 40 36
40 19 8 9
29 7 11 11
29 1 45 26
21 28 37 40
48 17 27 37
21 14 10 9
26 2 17 29
39 39 3 22
22 29 30 46
22 47 9 17
46 36 38 18
46 37 23 8
18 6 28 8
16 2 43 48
32 23 9 12
43 11 20 9
44 26 19 20
20 45 5 14
10 9 22 15
30 17 32 3
46 24 30 21
18 39 12 7
2 23 10 27
8 44 15 17
48 47 27 30
28 22 20 37
3 33 34 21
25 4 38 14
42 28 37 48
32 16 18 19
37 22 25 45
34 46 25 19
5 15 25 31
17 28 11 26
47 3 45 23
19 18 12 44
10 38 35 29
30 17 34 7
28 7 10 22
29 38 36 3
16 47 1 13
41 37 28 18
18 17 28 43
31 47 22 18
48 25 31 48
32 47 14 23
11 15 16 25
12 38 37 20
3 35 40 26
38 20 29 17
31 32 34 3
19 16 8 35
34 10 27 29
26 12 28 24
38 18 32 44
36 36 33 10
20 30 2 28
45 29 48 41
25 19 20 5
33 8 5 19
19 29 27 40
15 30 46 14
34 3 45 1
25 34 42 25
7 5 34 37
1 4 11 16
7 47 22 19
45 11 19 23
40 38 4 37
4 7 26 28
1 39 43 13
47 38 22 22
46 44 29 42
24 45 16 10
10 40 11 18
45 44 5 2
35 40 25 7
29 13 18 38
26 33 16 4
41 35 7 37
31 23 6 47
4 13 21 10
24 18 7 6
35 18 47 41
42 23 47 36
46 3 44 16
14 39 13 42
12 14 35 9
45 9 2 40
26 23 44 4
4 32 15 3
20 30 21 15
33 25 42 14
26 29 11 47
19 27 41 3
12 25 12 6
13 38 36 25
30 46 11 13
2 38 39 29
36 37 11 8
26 16 29 42
6 16 34 23
44 17 38 19
29 26 24 33
1 20 33 21
4 24 5 8
39 10 2 24
39 28 5 9
43 16 45 44
38 30 39 43
29 46 24 14
35 3 41 45
47 5 12 18
31 40 13 25
38 14 4 24
17 38 7 21
7 47 29 25
46 45 29 47
11 22 36 8
1 10 5 14
43 13 42 3
4 19 9 37
35 38 19 48
5 39 38 1
34 47 1 19
2 32 8 8
40 13 29 36
12 2 14 25
23 2 15 43
39 27 12 32
19 8 32 38
8 35 36 32
1 4 31 46
37 11 27 25
26 22 24 8
24 15 10 1
41 21 30 47
44 22 42 13
8 6 34 44
46 14 38 39
39 36 8 32
12 18 12 38
21 22 25 22
9 22 12 43
4 13 27 4
39 38 39 48
40 20 42 8
42 44 16 9
8 17 19 28
27 9 14 36
44 48 3 4
34 9 8 10
12 44 43 44
27 33 7 13
39 40 47 28
18 34 22 10
9 31 17 6
38 37 5 22
3 9 26 4
25 46 17 19
6 7 18 44
45 26 45 25
7 36 18 13
40 19 13 31
13 3 9 1
16 24 21 17
14 37 35 27
48 8 29 8
37 18 35 24
17 38 47 40
46 44 10 15
33 19 39 27
8 33 29 3
31 8 34 24
17 40 2 29
44 26 47 48
45 16 2 4
27 7 48 28
47 22 41 22
17 6 41 18
14 29 17 46
21 8 48 31
1 5 10 46
16 27 43 12
19 6 21 20
14 2 20 28
47 4 35 6
27 48 40 25
4 42 26 7
39 28 3 27
33 17 32 2
18 28 21 3
9 24 45 43
31 12 47 41
1 10 29 35
20 21 6 19
45 29 27 2
24 9 15 16
22 31 23 29
36 18 1 22
38 9 33 47
2 8 37 9
9 13 10 17
32 10 25 37
29 10 41 35
30 33 40 16
34 20 4 34
11 18 3 11
27 14 2 34
11 42 27 48
11 1 31 35
3 17 3 18
24 20 24 14
43 42 2 1
43 4 42 23
27 31 47 37
45 26 39 26
46 38 3 16
11 26 48 15
17 48 42 47
19 48 11 23
4 22 1 7
4 2 30 30
7 28 41 25
33 2 1 25
46 16 18 32
14 11 32 7
45 26 32 47
1 17 6 2
12 11 9 21
2 3 35 29
20 15 5 26
43 26 7 4
48 13 44 1
39 25 4 17
29 3 11 6
38 44 47 19
9 28 46 15
24 11 30 38
22 12 23 13
29 6 27 48
24 31 5 9
43 40 31 31
3 47 45 9
39 37 39 45
45 45 21 10
26 13 18 14
1 37 19 37
45 25 17 15
10 28 1 28
29 11 5 22
35 19 12 27
7 16 20 38
45 3 32 41
44 30 4 9
25 31 29 38
46 40 30 6
41 7 21 45
32 23 44 42
19 1 11 33
42 32 42 32
29 32 4 33
35 18 24 27
17 31 9 21
4 38 21 8
42 4 3 32
27 47 37 15
21 31 13 14
5 26 44 33
1 26 22 5
17 44 33 8
15 40 43 37
4 40 27 27
33 23 32 9
15 8 39 9
46 32 40 38
26 1 15 11
44 4 8 9
13 17 3 4
5 30 24 27
1 34 20 2
2 5 33 14
34 22 3 44
2 8 31 30
15 42 22 35
20 18 15 18
8 5 35 19
23 21 34 10
31 23 35 48
1 48 24 16
7 13 48 43
21 11 6 25
8 25 38 13
43 24 32 19
24 43 5 24
27 17 30 6
2 45 45 11
33 14 43 21
3 16 16 12
26 14 48 44
23 17 3 29
5 10 29 16
16 24 12 41
19 23 1 4
31 5 21 21
39 34 28 48
8 3 39 33
23 19 35 42
2 7 31 39
8 12 28 14
4 16 13 40
36 41 45 23
25 6 15 20
7 32 1 6
28 12 26 16
46 48 18 39
28 31 1 14
22 3 47 1
25 38 43 43
2 45 7 20
4 2 48 10
37 12 28 26
34 29 12 27
35 24 33 24
42 28 27 8
20 2 28 28
2 47 43 36
33 6 4 14
5 14 44 12
21 26 3 16
15 27 34 7
44 15 4 16
46 19 1 8
6 29 21 35
3 15 32 40
36 24 22 41
15 45 38 46
26 47 24 13
22 41 32 40
43 9 15 36
30 24 40 33
32 8 48 10
16 9 15 11
17 39 19 26
38 4 3 20
9 14 1 37
43 12 41 18
5 42 6 23
14 15 36 8
37 39 32 38
46 34 11 17
26 8 29 36
46 7 39 34
38 42 1 42
2 40 1 9
30 7 13 45
16 11 40 2
27 30 24 27
32 13 9 14
4 45 26 12
44 9 4 11
36 25 43 18
16 32 45 17
42 34 24 11
26 32 24 33
4 34 14 44
42 47 12 22
18 12 28 21
3 47 33 21
25 30 5 1
8 9 1 14
28 33 43 4
31 20 26 10
4 6 21 45
33 28 41 44
42 24 41 35
23 29 32 19
7 46 34 42
46 39 16 20
42 7 26 29
35 25 47 33
33 29 32 19
24 8 3 22
14 5 4 27
29 22 5 24
35 43 37 33
22 13 15 38
38 40 25 9
11 35 13 26
45 45 37 17
35 38 15 39
19 39 32 1
39 15 37 41
17 43 36 27
21 48 17 42
37 8 29 44
42 23 8 9
45 26 7 11
22 11 33 2
44 2 19 23
11 11 4 11
36 48 2 43
30 36 27 34
42 44 8 43
36 41 3 17
5 6 10 22
22 10 28 12
47 27 32 3
13 16 5 32
34 48 19 38
21 28 32 19
11 6 47 10
30 29 35 24
25 6 2 5
6 25 36 9
46 4 11 9
48 32 12 13
45 46 27 31
15 45 5 1
10 12 38 11
43 22 28 33
45 15 35 45
10 25 46 46
30 19 7 44
23 15 46 22
25 15 46 26
31 27 13 17
12 17 2 36
15 25 32 31
36 4 33 17
39 17 30 45
19 43 26 16
41 35 15 31
12 5 48 28
9 25 13 36
36 41 37 9
46 42 22 7
19 25 32 37
47 19 39 27
17 48 23 42
39 13 2 11
25 21 5 8
18 12 41 1
8 8 36 13
13 28 48 46
46 18 4 46
40 4 30 11
27 23 18 13
7 20 44 16
35 4 1 35
44 40 4 43
10 18 20 20
31 36 2 6
40 3 17 48
38 39 38 3
38 2 15 13
12 10 32 33
31 21 8 16
45 32 18 38
31 12 23 3
24 21 33 36
23 32 11 29
11 1 36 22
6 7 34 47
10 36 3 33
1 44 30 3
41 41 40 22
43 40 35 45
44 21 17 44
29 46 6 27
29 38 11 23
15 24 15 23
22 38 8 22
12 29 23 1
18 23 26 30
18 28 10 7
16 5 21 2
31 16 22 46
32 9 48 44
4 11 10 39
3 19 36 18
22 12 23 13
30 45 27 35
39 11 18 20
23 12 17 25
17 42 47 41
38 31 22 7
27 3 23 38
5 32 42 26
1 30 18 12
16 48 31 42
47 41 13 8
37 28 42 7
22 48 21 48
5 28 18 30
6 4 10 5
33 16 47 18
18 37 45 17
29 3 27 5
30 27 1 40
47 42 4 15
19 38 13 8
32 19 7 35
42 35 7 10
9 40 6 30
28 39 42 16
7 43 3 41
24 19 33 23
24 9 34 4
29 48 41 20
11 41 10 11
26 34 34 8
35 12 4 18
37 7 46 14
4 44 42 42
17 23 32 9
20 31 9 28
37 19 30 9
43 18 47 10
28 7 47 36
3 16 29 34
15 41 30 30
24 10 5 28
44 9 4 3
40 45 28 9
34 33 1 42
19 17 41 36
2 5 3 17
43 39 36 2
15 1 12 21
37 40 23 35
14 31 48 41
22 26 32 16
22 48 20 27
23 11 28 45
33 48 48 20
33 5 13 38
41 20 45 38
17 27 5 3
43 44 24 14
20 8 40 5
39 3 28 1
11 36 13 40
29 28 27 48
8 32 13 1
16 20 6 22
31 38 34 16
39 37 31 6
6 28 41 44
23 14 46 31
20 31 48 27
41 29 8 9
21 26 40 9
10 23 25 23
3 14 35 29
21 12 11 37
30 41 22 41
26 21 44 9
21 1 24 8
43 40 28 20
26 8 33 16
25 16 12 48
18 7 43 32
42 22 31 48
34 4 20 16
22 13 12 4
18 14 10 21
5 15 41 4
29 29 13 43
2 19 17 18
15 4 15 27
10 8 47 27
5 1 39 21
45 9 48 20
48 9 41 4
12 8 21 14
2 46 15 47
25 20 30 19
14 11 35 19
41 5 31 9
28 19 18 11
20 44 30 44
18 23 26 27
19 6 34 21
27 47 28 46
1 23 5 39
36 13 10 28
27 33 35 30
9 15 25 24
47 28 24 16
28 28 48 12
48 45 37 29
30 19 39 29
47 33 28 33
35 17 40 27
35 32 31 30
34 25 1 46
34 28 4 4
2 27 32 12
5 1 19 11
46 47 21 48
23 5 5 21
34 41 2 18
22 6 7 30
43 36 46 3
16 32 5 13
9 41 45 31
23 6 46 35
16 23 41 43
29 6 38 24
18 10 12 22
8 24 47 34
38 37 35 25
15 29 30 47
36 9 44 9
42 33 28 39
6 14 8 1
21 10 2 45
25 39 41 10
45 24 11 29
9 48 36 21
1 5 37 13
7 33 32 45
18 37 48 29
22 9 37 24
2 4 44 25
41 21 46 36
40 44 15 19
7 8 38 43
11 14 45 43
39 34 46 1
18 6 29 9
36 12 5 34
42 25 42 31
25 8 30 23
31 7 31 25
4 34 13 15
32 27 9 30
7 3 41 40
47 24 41 30
34 42 43 5
47 11 47 3
10 3 29 6
4 13 31 34
5 2 12 37
21 16 15 25
27 22 22 37
45 47 7 16
22 40 12 35
5 16 15 42
18 27 17 7
11 19 35 2
13 11 40 1
47 1 34 16
7 16 25 46
48 15 26 4
19 10 28 1
18 26 46 39
4 4 11 44
10 11 48 14
16 34 4 7
48 34 6 40
48 20 5 21
11 13 24 45
29 35 14 4
40 47 47 30
36 33 2 26
35 26 8 41
3 43 37 10
28 40 15 20
25 8 14 47
3 27 4 15
25 24 6 46
44 2 24 36
39 7 40 38
28 5 48 24
41 25 46 16
25 37 17 25
6 13 10 48
45 47 2 15
26 45 10 36
18 24 44 29
48 10 1 18
39 47 12 14
38 17 4 43
41 31 16 26
28 26 26 12
10 12 37 16
4 21 11 26
14 3 15 43
19 45 18 3
24 28 33 48
30 39 27 33
17 41 48 27
46 17 20 7
33 6 35 7
44 21 31 35
3 24 21 37
4 37 46 13
37 48 17 33
6 46 6 36
37 39 5 17
16 39 12 37
36 17 47 23
4 16 26 5
38 28 34 28
24 21 42 3
32 48 34 21
1 43 25 41
24 45 35 16
6 31 5 26
41 18 45 21
19 44 31 35
27 34 42 38
34 3 26 27
46 46 22 17
3 1 9 20
32 48 30 10
21 46 4 42
18 27 17 4
42 42 35 16
22 46 33 23
38 33 1 24
19 16 35 8
48 37 41 41
47 34 42 5
48 8 28 40
19 18 15 40
46 1 41 2
27 4 28 17
9 3 19 13
35 9 11 30
29 11 31 12
26 9 27 37
11 32 18 42
18 26 43 22
20 3 38 27
13 24 13 43
14 14 5 32
17 44 20 24
13 23 44 1
21 40 5 45
10 11 41 2
1 39 41 17
16 37 13 32
1 15 9 22
41 6 27 19
34 48 32 42
4 28 22 12
3 3 28 17
18 45 38 5
37 13 45 45
36 42 3 5
27 27 20 24
14 47 8 11
10 22 5 22
39 47 1 16
26 14 5 6
6 9 13 23
2 48 43 47
6 24 12 30
47 34 2 37
2 28 17 44
45 35 21 19
41 19 16 35
12 14 34 47
26 37 32 13
28 5 39 43
41 32 43 47
16 23 40 48
8 2 9 42
47 28 6 18
30 45 8 23
30 21 24 17
19 18 22 25
6 15 38 3
17 25 20 44
36 46 24 45
4 4 4 25
3 4 27 25
27 33 28 1
19 9 11 31
20 23 33 15
37 17 10 14
35 5 28 9
45 11 7 33
11 39 8 13
46 15 39 28
2 19 17 6
17 45 48 13
17 22 37 37
29 17 40 45
18 25 39 26
47 19 10 31
32 31 39 42
20 1 48 45
9 22 42 40
42 21 41 48
31 3 39 30
34 35 20 38
18 8 24 2
32 8 35 43
23 16 21 36
41 30 25 3
36 31 44 44
3 5 44 27
32 35 43 46
8 41 3 45
23 39 3 23
34 16 8 26
20 13 39 14
32 10 38 31
21 17 26 38
32 17 43 35
26 26 4 40
34 8 39 4
22 26 45 43
27 30 27 15
12 43 32 46
30 26 43 23
18 17 9 25
4 45 28 27
33 12 7 34
37 5 37 2
18 20 42 35
29 38 33 15
34 45 21 6
23 48 28 15
14 3 44 43
36 30 17 7
23 44 7 30
21 3 34 40
47 42 13 4
44 44 15 13
42 40 41 27
15 34 28 25
30 26 24 31
37 7 48 44
18 15 25 33
6 38 48 28
34 16 43 16
14 20 8 30
40 32 33 34
42 19 33 12
20 11 33 8
40 44 11 13
37 9 48 47
11 34 21 18
14 10 39 44
37 35 47 36
1 8 1 29
27 39 46 25
22 42 42 12
20 33 24 15
21 29 1 28
41 43 19 29
23 11 22 12
38 12 10 38
8 5 44 17
7 35 7 22
8 26 39 29
44 42 9 5
20 32 31 28
37 37 16 1
33 39 43 3
5 34 43 37
2 43 38 18
18 25 32 39
12 48 14 17
35 27 4 3
24 37 31 35
16 21 14 34
33 36 27 7
6 11 8 24
33 14 21 20
48 15 13 15
40 16 16 26
14 41 28 30
37 2 4 21
33 45 3 22
42 36 41 43
28 26 4 32
27 33 10 42
36 23 35 34
31 29 3 29
33 23 37 9
45 41 35 6
26 3 33 46
32 43 42 18
28 36 35 3
19 8 27 10
36 23 4 20
5 12 11 46
47 8 18 9
6 30 32 9
32 26 30 48
8 15 18 2
10 11 24 4
46 25 28 38
18 2 37 11
15 33 27 17
46 18 25 33
35 22 13 20
7 38 29 31
4 2 20 45
10 5 25 8
31 22 16 20
2 45 26 40
16 15 24 42
32 25 13 21
25 5 33 41
19 28 1 32
42 24 20 40
31 20 9 2
26 19 12 6
10 26 7 33
44 27 37 28
26 15 34 26
10 47 14 30
24 14 48 6
46 38 7 40
47 46 12 39
19 38 35 2
28 47 33 25
24 25 39 45
15 41 12 3
44 23 25 37
25 2 29 21
3 32 1 47
44 6 6 10
31 17 26 10
46 14 42 37
23 12 33 47
37 28 47 37
19 2 21 35
43 43 44 2
44 10 37 34
11 33 43 47
32 40 20 35
1 13 23 40
13 25 24 8
46 11 47 3
17 19 38 12
2 45 33 33
48 7 23 37
31 1 15 27
45 16 6 33
28 31 13 39
14 35 15 26
47 42 16 34
12 47 1 36
33 12 47 36
48 44 13 27
14 11 22 17
39 29 20 8
18 24 14 4
15 48 43 10
28 45 22 36
23 26 26 31
30 44 44 33
2 29 8 26
26 36 20 38
20 19 17 12
38 13 31 6
35 2 48 45
25 40 37 48
38 23 36 1
27 17 27 12
41 29 30 5
24 47 45 45
39 21 17 32
13 48 37 14
14 45 17 37
25 31 1 7
46 43 4 13
13 16 16 40
41 1 35 15
12 16 5 26
4 40 25 26
43 23 2 19
36 6 2 23
33 23 14 48
34 10 45 25
8 12 31 9
23 28 43 14
41 27 16 2
16 16 45 28
4 37 44 38
26 33 24 38
5 19 32 28
