60 3
3 27 28 25
13 21 33 22
3 22 43 26
38 50 11 2
38 22 26 29
43 44 29 26
43 29 14 18
32 41 37 40
44 31 8 32
0 27 30 36
48 25 1 6
28 44 15 29
12 8 29 30
39 49 31 47
7 50 37 18
13 50 41 19
42 33 18 36
39 13 41 3
27 8 41 16
0 29 43 1
50 9 8 12
42 42 12 29
50 26 11 38
20 45 37 10
50 34 34 24
25 39 31 27
45 25 20 11
11 49 48 31
25 23 2 36
7 11 1 20
26 45 48 5
30 45 39 42
18 30 8 6
22 14 47 35
41 19 37 49
15 23 46 29
37 22 50 46
36 42 13 16
24 11 6 20
39 50 27 35
19 8 14 6
8 17 1 13
15 41 37 28
30 5 26 37
21 18 22 21
36 15 50 25
42 13 2 14
26 5 9 3
22 48 16 20
20 31 20 31
20 15 44 37
23 7 12 4
26 6 44 5
48 46 22 46
22 32 19 35
49 32 38 36
17 43 8 18
23 15 3 23
39 36 36 49
46 34 2 10
