1701
988 1448 1500
967 1009 1066
27 49 92
49 99 118
99 121 147
121 165 194
165 194 220
194 238 275
235 275 315
0 208 238
1669 1694 1695
282 369 384
266 283 347
375 428 459
424 474 511
474 524 565
1264 1410 1585
524 565 606
274 312 413
537 607 728
326 459 529
797 849 864
1177 1216 1253
1581 1626 1667
566 685 731
1138 1185 1383
335 829 853
748 921 988
1065 1088 1117
866 911 968
877 1227 1346
922 969 1019
1505 1561 1576
1051 1090 1169
688 755 804
1015 1042 1088
839 861 922
1088 1137 1153
1253 1275 1291
1203 1281 1311
1130 1150 1377
1454 1476 1487
707 792 893
600 653 679
1304 1322 1351
1322 1344 1430
1038 1164 1204
861 912 1582
1337 1394 1410
1391 1428 1455
360 384 609
1297 1308 1372
1385 1515 1561
1535 1581 1621
620 1166 1218
1422 1477 1525
1626 1669 1677
605 650 653
652 719 755
1471 1559 1566
