16337
42 54 94
15796 15846 15890
54 94 127
72 115 139
115 139 174
29 41 49
128 167 219
138 209 240
170 225 274
202 274 324
249 324 362
250 362 377
288 376 394
323 394 418
348 418 459
398 459 509
431 496 541
443 541 587
454 560 604
18 96 284
468 604 637
472 637 649
1 7 657
508 646 701
511 655 751
547 688 771
582 694 811
596 724 831
621 728 849
649 747 887
687 768 918
697 795 948
719 839 976
724 858 1014
734 865 1034
779 877 1050
808 927 1052
856 935 1089
883 942 1095
897 969 1118
10842 11588 11617
900 981 1166
946 1017 1201
978 1024 1247
1013 1063 1254
1051 1067 1263
1061 1111 1303
1111 1153 1351
1153 1171 1370
1160 1212 1383
1176 1258 1423
1207 1262 1444
1245 1273 1486
1252 1319 1533
1261 1360 1567
1309 1380 1603
7 1070 1647
1343 1381 1665
1371 1419 1695
1418 1448 1739
1434 1472 1760
1443 1479 1809
1460 1525 1820
1500 1535 1827
1524 1560 1875
10 35 1892
1546 1595 1932
1548 1637 1938
1559 1662 1983
1572 1680 1988
1609 1708 1990
1629 1742 2014
1648 1760 2046
1686 1802 2084
1703 1828 2116
1736 1869 2156
1769 1882 2201
1813 1925 2245
1855 1972 2273
1872 1989 2296
1898 2005 2329
1915 2054 2361
1936 2099 2398
1978 2125 2415
1984 2165 2421
2017 2181 2426
2032 2183 2462
2073 2186 2494
2078 2190 2531
2094 2224 2538
2143 2255 2568
2191 2289 2604
2228 2333 2607
2277 2359 2622
2323 2372 2668
2358 2403 2700
2403 2429 2709
2429 2473 2751
41 2493 2795
2433 2531 2797
2463 2548 2816
2489 2579 2859
2539 2629 2892
2579 2666 2942
2628 2684 2957
2671 2714 2969
2691 2715 3017
2708 2732 3058
2732 2768 3089
2747 2791 3104
2790 2831 3119
2804 2837 3153
2827 2886 3178
2831 2917 3190
2845 2937 3231
2873 2967 3271
2895 3002 3288
2938 3037 3301
2964 3078 3318
2995 3113 3342
2997 3145 3370
3046 3147 3417
3096 3166 3443
3128 3213 3485
3138 3225 3535
3184 3258 3563
3197 3294 3568
3207 3341 3583
3229 3348 3612
3263 3368 3654
3273 3401 3683
3313 3422 3729
3337 3462 3771
3352 3482 3815
3353 3525 3833
3393 3566 3878
3394 3608 3912
3439 3626 3962
3479 3640 3965
3494 3662 3976
3522 3671 4025
3570 3675 4037
3573 3705 4040
3580 3755 4081
3601 3803 4089
3635 3812 4119
3671 3861 4142
3674 3904 4158
3682 3916 4168
3687 3925 4215
3734 3965 4227
3748 3988 4266
3780 3991 4289
3785 4005 4337
3825 4055 4373
3870 4069 4409
3912 4082 4439
3925 4100 4474
3967 4115 4516
4012 4132 4547
4043 4139 4573
4049 4162 4582
4097 4205 4583
4146 4254 4632
4194 4266 4665
4206 4277 4715
4256 4306 4758
4306 4354 4774
4354 4396 4779
4377 4424 4824
4412 4467 4855
4455 4516 4863
4474 4528 4896
4485 4569 4911
4497 4570 4937
4506 4576 4940
4518 4591 4975
4555 4599 4987
4596 4635 5034
4609 4644 5074
4644 4692 5079
4692 4740 5113
4708 4788 5152
4748 4815 5156
4782 4864 5159
4810 4893 5178
15 49 78
4834 4901 5188
4874 4911 5217
4906 4927 5225
4927 4977 5264
4932 5015 5305
4940 5021 5324
4949 5030 5327
4955 5064 5334
4998 5093 5371
5040 5108 5411
5053 5152 5419
5103 5199 5428
5136 5242 5455
5164 5276 5485
5209 5279 5511
5218 5321 5527
5246 5362 5535
5281 5408 5538
5296 5436 5570
5302 5473 5607
5304 5507 5639
5320 5538 5665
5330 5559 5700
5349 5587 5716
5389 5612 5752
5416 5620 5771
5436 5628 5805
5460 5645 5820
5465 5649 5849
5495 5669 5871
5529 5689 5893
5569 5698 5895
5601 5714 5927
5623 5737 5956
5639 5776 5982
5681 5799 6032
5718 5849 6055
5729 5872 6079
5753 5892 6082
5775 5914 6119
5812 5953 6154
5841 5984 6172
5859 5997 6212
5868 6006 6230
5906 6045 6233
5935 6061 6276
5956 6096 6291
5958 6103 6301
5995 6141 6324
6045 6152 6335
6053 6190 6342
6096 6208 6360
6128 6248 6378
6167 6262 6426
6202 6264 6466
6244 6304 6516
6292 6314 6547
6314 6358 6567
6315 6389 6574
6341 6416 6617
6382 6460 6658
6391 6490 6706
6394 6521 6754
6406 6539 6766
6441 6556 6770
6473 6571 6772
6518 6613 6803
6557 6647 6829
6596 6691 6830
6640 6711 6858
6669 6741 6907
6707 6746 6945
6732 6778 6984
6778 6815 7019
6815 6846 7062
6846 6891 7098
6891 6933 7118
6933 6955 7131
6952 6988 7141
6988 7020 7156
7020 7054 7167
7054 7093 7190
7091 7136 7239
7136 7182 7279
7148 7198 7320
7186 7225 7338
7195 7245 7363
7245 7253 7378
7246 7273 7415
7273 7312 7458
7312 7340 7502
7340 7366 7543
7366 7412 7592
7412 7427 7623
7427 7444 7648
7437 7479 7656
7477 7515 7692
7515 7519 7722
7519 7556 7755
7541 7589 7787
7581 7628 7790
7628 7651 7839
7651 7682 7841
7658 7717 7888
7699 7723 7912
7700 7760 7936
7738 7775 7978
7775 7809 7979
7809 7849 7983
7848 7867 7992
7866 7880 7993
7867 7901 8008
7897 7944 8042
7908 7956 8051
7924 8001 8054
7958 8020 8059
7966 8057 8100
7983 8079 8106
8027 8105 8133
8042 8133 8165
8055 8137 8210
8101 8147 8250
8147 8195 8293
8164 8234 8319
8174 8283 8332
8183 8304 8339
8219 8324 8352
8244 8335 8378
8256 8346 8420
8272 8367 8469
8289 8384 8479
8301 8418 8487
8306 8463 8527
8331 8475 8532
8336 8504 8554
8354 8547 8604
8401 8575 8620
8450 8617 8632
8499 8632 8678
8536 8678 8706
8557 8691 8723
8582 8693 8738
8629 8735 8788
8679 8754 8818
8687 8789 8868
8724 8838 8871
8752 8859 8898
16 8880 8927
8802 8922 8975
8835 8970 9004
8859 8987 9023
8869 9023 9056
8899 9037 9089
8935 9065 9135
8941 9105 9145
8942 9145 9164
8949 9157 9207
8954 9192 9251
8982 9223 9267
8994 9267 9301
9041 9287 9329
9061 9305 9356
9098 9312 9378
9128 9334 9396
9160 9335 9397
9161 9337 9443
9164 9371 9462
9209 9400 9492
9236 9444 9518
9281 9486 9529
9283 9517 9560
9317 9557 9599
9367 9567 9616
9373 9611 9635
9379 9635 9683
9422 9683 9727
9472 9711 9762
9522 9741 9769
9556 9762 9812
9603 9812 9826
9640 9821 9828
9664 9826 9868
9675 9834 9873
9680 9863 9894
9682 9883 9936
9717 9913 9965
9748 9922 10003
9769 9968 10005
9782 9988 10054
9809 10025 10064
9817 10033 10083
9844 10083 10133
9871 10084 10141
9911 10109 10173
9919 10156 10216
9969 10202 10250
9987 10222 10268
10034 10245 10295
10082 10247 10298
10109 10289 10337
10116 10332 10369
10145 10369 10398
10156 10372 10441
10206 10386 10490
10229 10408 10537
10267 10446 10552
10308 10447 10559
10341 10490 10600
10360 10506 10601
10366 10512 10624
10382 10562 10667
10415 10602 10697
10463 10611 10713
10477 10636 10736
10480 10678 10766
10521 10686 10814
10546 10699 10816
10563 10724 10823
10582 10739 10863
10593 10767 10873
10635 10797 10913
10660 10807 10936
10696 10849 10939
10740 10894 10981
10756 10908 11019
10786 10934 11069
10832 10978 11088
16047 16076 16116
10843 11016 11108
10878 11023 11154
10885 11048 11171
10920 11064 11217
10940 11097 11222
10946 11106 11265
10986 11127 11272
11010 11131 11300
11044 11157 11335
11053 11179 11379
11069 11194 11398
11111 11212 11439
11139 11233 11463
11150 11274 11498
11189 11306 11503
11201 11345 11546
11230 11362 11560
11271 11369 11619
11318 11395 11573
11340 11400 11604
11352 11401 11667
11373 11433 11608
11391 11479 11682
11421 11493 11696
11448 11495 11707
11472 11531 11725
11501 11555 11756
11516 11567 11784
11545 11582 11798
11574 11617 11829
11606 11640 11853
11640 11664 11901
11664 11687 11917
11687 11727 11957
11727 11770 11962
11770 11819 11963
11819 11868 11974
11868 11903 11978
11903 11950 11994
11933 11982 12024
11982 12024 12050
12024 12050 12073
12038 12073 12118
12066 12091 12146
12091 12128 12158
12112 12149 12203
12145 12169 12248
12169 12217 12271
12183 12260 12294
12226 12277 12321
12233 12313 12357
12239 12333 12363
12268 12344 12375
12301 12375 12387
12341 12387 12435
12373 12408 12481
12403 12452 12485
12452 12501 12513
12501 12550 12569
12550 12569 12615
12560 12615 12625
12590 12625 12671
12602 12671 12715
12612 12715 12754
12633 12754 12783
12680 12783 12832
12695 12832 12874
12735 12857 12915
12755 12892 12922
12785 12908 12970
12799 12925 13001
12806 12931 13016
12836 12947 13024
12863 12963 13044
12891 12978 13055
12936 13022 13091
12945 13058 13136
12969 13068 13173
12996 13073 13194
13037 13122 13230
13085 13165 13267
13129 13205 13270
13177 13217 13290
13192 13252 13312
13231 13277 13353
0 1090 9650
13277 13303 13365
13303 13351 13394
13351 13394 13422
13369 13395 13453
13381 13414 13479
13414 13427 13519
13424 13458 13541
13457 13474 13567
13474 13522 13600
13518 13562 13648
13551 13571 13694
13566 13608 13701
13608 13637 13739
13637 13679 13788
13672 13725 13809
13694 13726 13835
13713 13769 13845
13722 13788 13854
13765 13824 13881
13802 13851 13902
13828 13867 13927
13843 13875 13944
13850 13901 13957
13875 13910 13988
13896 13931 14015
13931 13974 14035
13944 13994 14067
13994 14044 14107
14044 14088 14152
14065 14089 14187
14071 14123 14216
14101 14132 14252
14132 14160 14299
14146 14191 14337
14191 14229 14383
14229 14277 14399
14277 14318 14430
14318 14346 14449
14343 14376 14473
14375 14424 14481
14402 14432 14488
14426 14451 14495
14451 14482 14523
14465 14503 14539
14503 14525 14560
14505 14559 14589
14543 14589 14617
14556 14616 14663
14592 14663 14695
14635 14674 14738
14636 14685 14749
14678 14707 14775
14682 14743 14792
14728 14778 14814
14731 14781 14829
14781 14829 14872
14825 14864 14880
14853 14876 14924
14876 14925 15111
14925 14960 14986
15339 15399 16186
15006 15071 15236
15018 15103 15288
15059 15105 15120
14958 15000 15850
15109 15364 15551
15130 15271 15699
15146 15151 15195
15151 15194 15683
17 4315 8119
15179 15224 15321
15192 15348 15404
15754 15802 15821
14949 14986 15000
15235 15360 15364
15201 16104 16274
15270 15313 15523
15513 15613 15723
15746 15959 16040
15464 15495 15502
15651 15704 15799
15386 15432 15745
15698 15752 15763
15421 15482 15651
15489 15535 15678
15299 15384 15454
15557 15755 16045
15327 15577 15614
16115 16211 16233
14983 15006 15039
15593 15640 15851
15640 15816 15855
14936 15023 15062
14977 15871 15920
14980 15678 16235
15087 15116 15162
15877 15931 15977
15971 15975 15992
16278 16304 16321
15926 15988 16006
15447 15500 15583
15975 16013 16057
16013 16057 16099
16074 16124 16164
16161 16251 16276
16143 16163 16211
16208 16275 16291
16323 16331 16334
16258 16279 16326
15841 15919 15931
16193 16231 16263
16302 16320 16328
