22576
28 58 92
11212 11237 11273
58 97 115
97 119 140
119 161 185
161 189 220
189 220 263
214 255 280
216 268 316
234 287 366
246 327 408
295 362 423
6 19 21
22 27 425
296 369 472
315 415 494
322 426 522
347 439 541
389 441 545
419 484 556
437 530 606
447 569 647
471 574 654
499 575 662
549 579 688
579 597 737
597 621 753
621 659 761
657 681 790
671 716 813
697 752 860
721 776 897
737 803 934
19 841 961
782 884 972
823 901 995
842 942 1015
853 983 1033
893 998 1081
921 1013 1125
952 1056 1164
971 1065 1183
984 1073 1202
1007 1106 1233
1024 1131 1256
1048 1161 1284
1065 1169 1296
1067 1175 1342
1104 1206 1344
1128 1215 1351
1171 1244 1371
1174 1285 1399
1177 1295 1410
1206 1326 1418
1244 1351 1426
1266 1377 1459
1271 1424 1482
1305 1469 1516
1340 1483 1518
1381 1491 1536
1404 1527 1574
1431 1574 1595
1479 1595 1642
1528 1642 1684
1550 1652 1701
1568 1701 1743
1587 1743 1791
1595 1766 1817
1609 1800 1845
1645 1819 1886
1665 1848 1934
1696 1874 1949
1722 1914 1969
1758 1921 1995
1808 1942 2042
21 122 2055
1820 1947 2101
1850 1962 2107
1881 1965 2138
1920 1999 2181
1953 2006 2201
1966 2015 2219
2004 2064 2226
2012 2094 2273
2060 2136 2306
2071 2156 2329
2093 2174 2356
2120 2199 2405
2164 2224 2421
2191 2252 2442
2241 2281 2443
2281 2328 2456
2321 2352 2483
2352 2385 2519
2366 2389 2568
2378 2415 2615
2415 2437 2653
2427 2475 2655
2475 2515 2688
2515 2524 2701
2524 2553 2705
2536 2590 2741
2572 2632 2758
2612 2651 2793
2624 2698 2827
2638 2718 2843
2667 2739 2846
2713 2769 2883
2719 2774 2920
2729 2789 2948
2751 2805 2973
2770 2821 3015
2790 2831 3062
2799 2870 3095
2837 2893 3117
2873 2916 3118
2895 2938 3168
2922 2971 3174
2955 3000 3223
3000 3049 3248
3049 3092 3298
3071 3114 3340
3085 3153 3360
3099 3190 3365
3135 3230 3383
3148 3280 3414
3165 3294 3427
3197 3318 3469
3213 3330 3508
3216 3354 3525
3258 3381 3555
3284 3396 3578
3293 3413 3607
3311 3452 3657
3326 3467 3673
3366 3507 3691
3385 3546 3727
3414 3555 3731
3425 3570 3737
3455 3572 3749
3497 3592 3780
3532 3633 3813
3557 3637 3824
3576 3686 3851
3611 3718 3868
3655 3756 3878
3691 3772 3912
3725 3807 3941
3763 3840 3984
3809 3841 3988
3811 3857 4029
3836 3905 4075
3870 3919 4114
3880 3946 4146
3885 3984 4174
3933 4031 4217
3976 4051 4225
3982 4088 4267
4003 4121 4296
4033 4165 4336
4056 4194 4375
4082 4214 4391
4085 4234 4393
4129 4268 4395
4135 4287 4437
4166 4295 4487
4189 4322 4530
4230 4330 4575
4273 4357 4614
4317 4366 4649
4357 4407 4688
4407 4446 4716
4446 4476 4717
4464 4513 4735
4487 4536 4764
4536 4585 4775
4547 4618 4800
4554 4663 4812
4557 4713 4858
4581 4762 4896
4606 4785 4924
4631 4806 4941
4643 4840 4985
4667 4879 5004
4687 4887 5024
4715 4937 5057
4759 4949 5079
4794 4996 5102
4806 5044 5113
4839 5049 5157
4844 5090 5169
1 2 5201
4893 5115 5240
4922 5135 5257
4936 5146 5260
4951 5162 5281
4988 5196 5320
5011 5220 5351
5048 5255 5360
5076 5291 5392
5103 5293 5434
5116 5338 5474
5139 5369 5524
5152 5395 5564
5182 5396 5576
5205 5440 5582
5224 5461 5618
5242 5492 5664
5285 5540 5677
5292 5547 5725
5332 5548 5729
5368 5592 5748
5380 5623 5786
5401 5649 5836
5421 5688 5853
5466 5725 5902
5486 5769 5942
5529 5800 5957
5556 5813 5959
5572 5842 5962
5597 5873 5964
5612 5914 5976
5641 5925 6010
5685 5951 6015
5731 5992 6035
5758 6035 6058
5771 6042 6067
5815 6058 6111
5849 6098 6142
5858 6142 6170
5890 6144 6207
5903 6191 6253
5947 6214 6273
5972 6226 6289
5977 6254 6329
5990 6272 6344
6016 6302 6349
6019 6318 6393
6031 6365 6439
6051 6394 6472
6075 6404 6484
6090 6407 6499
6116 6441 6525
6135 6456 6538
6181 6462 6560
6218 6479 6595
6257 6513 6612
6262 6552 6653
6269 6590 6691
2 6603 6726
6294 6634 6738
6338 6666 6758
6381 6710 6804
6398 6748 6844
6410 6798 6862
6452 6834 6868
6487 6857 6891
6536 6882 6939
6555 6895 6960
6591 6913 7000
27 138 7014
6629 6944 7052
6668 6959 7096
6717 7007 7113
6730 7034 7131
6750 7073 7157
6791 7081 7202
6810 7111 7208
6852 7154 7241
6866 7202 7274
6891 7223 7286
6935 7233 7327
6948 7251 7354
6966 7265 7389
6998 7277 7422
7037 7314 7443
7062 7341 7468
7087 7358 7513
7099 7387 7560
7116 7426 7586
7160 7427 7632
7184 7431 7639
7225 7438 7668
7247 7442 7715
7256 7448 7765
7266 7456 7766
7280 7457 7794
7312 7491 7796
7322 7493 7801
7366 7530 7827
7380 7548 7870
7417 7593 7916
7438 7611 7964
7454 7636 7988
7492 7644 8024
7502 7688 8074
7534 7695 8107
7555 7704 8130
7587 7717 8162
7620 7748 8177
7649 7749 8188
7658 7790 8225
7688 7793 8254
7717 7799 8271
7738 7813 8304
7763 7861 8341
7764 7889 8348
7802 7930 8365
7825 7948 8402
7860 7953 8410
7898 7990 8446
7910 8030 8461
7920 8056 8478
7963 8059 8490
7991 8068 8496
8004 8095 8511
8044 8141 8549
3 8148 8564
11297 11379 11424
8052 8187 8565
8096 8224 8578
8125 8236 8600
8136 8286 8623
8176 8325 8656
8200 8346 8705
8215 8354 8746
8249 8377 8790
8257 8395 8829
8265 8416 8839
8315 8445 8841
8356 8459 8874
8400 8485 8879
8440 8513 8917
8484 8537 8959
8513 8565 8965
8517 8585 8971
8546 8623 8975
8560 8625 8992
8588 8638 9010
8611 8666 9035
8628 8703 9054
8646 8733 9069
8692 8757 9106
8713 8789 9125
8744 8835 9146
8771 8855 9154
8789 8890 9160
8831 8934 9179
11237 11404 11425
8881 8963 9180
8923 8968 9228
8954 9016 9240
8977 9024 9265
9020 9056 9314
9056 9087 9358
9087 9114 9377
9114 9133 9390
9133 9165 9426
9154 9212 9436
9198 9255 9475
9223 9286 9501
9251 9294 9533
9277 9312 9574
9301 9351 9586
9313 9370 9589
9341 9397 9622
9364 9446 9639
9411 9450 9646
9435 9475 9656
9467 9513 9704
9495 9535 9713
9524 9582 9721
9530 9597 9722
9565 9626 9762
9600 9647 9769
9647 9688 9774
9688 9705 9801
9705 9755 9805
9732 9776 9847
9776 9800 9889
9800 9812 9922
9802 9827 9944
9809 9843 9976
9843 9891 9983
9861 9907 10020
9907 9934 10054
9913 9964 10072
9918 9987 10101
9947 10021 10123
9993 10052 10150
10011 10065 10183
10059 10083 10201
10083 10131 10233
10106 10147 10235
10127 10193 10277
10161 10223 10290
10211 10253 10305
10234 10300 10343
10281 10341 10385
10324 10374 10433
10333 10416 10441
10338 10417 10490
10360 10449 10535
10375 10464 10545
10380 10476 10571
10421 10478 10575
10450 10495 10584
10495 10532 10610
10532 10542 10611
10538 10577 10627
10544 10578 10650
10558 10624 10662
10602 10662 10696
10650 10696 10745
10666 10745 10755
10699 10751 10798
10720 10758 10844
10740 10761 10870
10741 10790 10880
10790 10837 10901
10806 10883 10932
10827 10921 10957
10870 10957 10989
10916 10989 11022
10950 11019 11063
10998 11045 11110
11045 11087 11117
11063 11101 11156
11108 11167 11196
11154 11192 11228
11192 11273 11295
11268 11291 11335
11271 11335 11379
11101 11129 11207
11330 11412 11439
11342 11439 11443
11391 11443 11478
11399 11478 11514
11419 11482 11544
11459 11516 11563
11480 11549 11601
11513 11589 11636
11526 11590 11668
11545 11604 11683
11570 11634 11695
11576 11684 11728
11588 11728 11773
11626 11773 11821
11637 11821 11870
11667 11870 11888
11711 11887 11930
11717 11927 11964
11718 11944 11973
11748 11945 12019
11796 11966 12062
11845 12009 12092
11885 12038 12110
11904 12048 12113
11912 12067 12142
11933 12084 12179
11963 12111 12225
11989 12154 12262
12011 12178 12269
12022 12204 12310
12067 12210 12340
12089 12250 12372
12127 12251 12414
12164 12291 12462
12207 12321 12482
12215 12330 12521
12256 12369 12570
12279 12396 12593
12286 12437 12599
12331 12462 12640
12375 12507 12662
12407 12533 12675
12433 12568 12682
12447 12606 12726
12478 12648 12773
12521 12660 12795
12560 12706 12836
12570 12748 12840
12595 12771 12867
12619 12791 12883
12660 12794 12918
12672 12805 12966
12696 12806 13007
12711 12846 13031
12731 12872 13047
12742 12922 13077
12792 12967 13096
12813 13004 13133
12832 13050 13177
12878 13091 13224
12903 13095 13229
12912 13108 13261
12948 13141 13290
12994 13149 13334
13044 13183 13357
13076 13217 13385
13089 13258 13431
13115 13290 13436
13155 13298 13481
13204 13302 13482
13232 13311 13512
13265 13318 13525
13275 13336 13527
13279 13383 13535
13321 13411 13575
13351 13454 13614
13381 13495 13662
13402 13533 13663
13450 13537 13693
13480 13577 13739
13509 13586 13747
13512 13621 13775
13527 13655 13799
13550 13665 13816
13555 13694 13820
13590 13711 13823
13599 13753 13841
13643 13781 13864
13693 13820 13901
13734 13839 13919
13749 13882 13937
13799 13923 13973
13819 13937 14022
13822 13959 14036
13829 14001 14076
13855 14038 14094
13889 14048 14117
13908 14079 14163
13917 14123 14174
13926 14127 14197
13931 14160 14210
13976 14184 14256
13995 14194 14292
14001 14236 14337
14007 14239 14370
14051 14258 14375
14068 14294 14425
14081 14332 14459
14098 14358 14472
14121 14380 14479
14123 14400 14489
14158 14448 14530
14172 14460 14574
14176 14502 14590
14177 14529 14617
14202 14547 14661
14225 14579 14691
14232 14614 14731
14273 14632 14758
14322 14681 14779
14359 14711 14811
14407 14761 14825
14427 14778 14841
14476 14815 14860
14510 14857 14884
14557 14884 14922
14558 14900 14943
14586 14943 14993
14605 14993 15022
14612 15021 15066
14626 15066 15102
14638 15102 15146
14687 15146 15178
14697 15173 15225
14698 15193 15264
14713 15226 15282
14716 15263 15288
14757 15288 15311
14789 15302 15324
14833 15312 15342
14862 15342 15379
14904 15379 15404
14918 15404 15445
14920 15445 15472
14955 15456 15481
14998 15481 15500
15002 15497 15517
15047 15507 15556
15090 15556 15595
15108 15595 15618
15115 15618 15626
15127 15626 15657
15147 15657 15695
15158 15680 15730
15167 15730 15748
15182 15748 15759
15220 15759 15796
15225 15799 15847
15270 15847 15872
15313 15850 15876
15355 15865 15914
15391 15867 15916
15414 15912 15942
15424 15937 15980
15447 15997 16042
15454 15973 16000
15493 15979 16025
15524 16059 16105
15531 16105 16135
15533 16042 16067
15558 16128 16151
15572 16142 16199
15573 16162 16242
15620 16170 16267
15644 16203 16314
15690 16239 16324
15712 16264 16328
15758 15796 15803
15796 16279 16366
15821 16301 16415
15864 16332 16465
15868 16362 16503
15870 15987 16045
15900 16053 16099
15911 16400 16549
15951 16407 16575
15956 16410 16597
15989 16444 16643
16008 16474 16671
16054 16498 16721
16086 16533 16767
16091 16552 16782
16123 16560 16815
16157 16600 16859
16184 16634 16908
16224 16654 16914
16234 16669 16929
16267 16696 16966
16307 16724 16969
16334 16768 16993
16376 16814 17039
16386 16818 17069
16405 16856 17086
16435 16867 17090
16485 16910 17115
16534 16943 17129
16551 16976 17171
16566 16992 17182
16568 17010 17227
16572 17018 17271
16606 17023 17303
16631 17053 17310
16665 17086 17351
16715 17117 17373
16746 17131 17377
16755 17173 17402
16767 17221 17436
16817 17242 17476
16866 17256 17496
16873 17266 17520
16923 17302 17522
16927 17341 17545
16966 17359 17594
16996 17399 17643
17024 17421 17671
17036 17424 17675
17065 17467 17711
17074 17513 17757
17105 17548 17769
17108 17556 17783
17122 17589 17814
17166 17614 17849
17205 17652 17884
17223 17667 17904
17272 17711 17946
17287 17727 17949
17331 17753 17986
17374 17801 18008
17385 17836 18035
17426 17876 18080
17465 17903 18083
17485 17940 18132
17521 17941 18141
17543 17964 18154
17583 17976 18169
17625 17997 18218
17629 17999 18257
17647 18030 18267
17673 18067 18310
17678 18117 18351
17716 18159 18355
17726 18189 18401
17758 18230 18438
17789 18264 18479
17804 18302 18520
17819 18333 18568
17834 18353 18579
17863 18361 18598
17893 18394 18639
17929 18412 18661
17972 18415 18671
17983 18446 18718
17990 18494 18736
18017 18516 18762
18055 18564 18785
18068 18599 18801
18106 18628 18815
18124 18670 18858
18164 18683 18906
18184 18687 18956
18209 18706 18987
18254 18724 19014
18294 18746 19033
18305 18796 19047
18330 18816 19050
18344 18835 19090
18368 18854 19093
18391 18892 19096
18392 18907 19126
18429 18941 19143
18476 18967 19162
18494 18982 19187
18535 18989 19234
18567 19037 19246
18571 19063 19256
18607 19101 19284
18652 19127 19285
18659 19172 19332
18697 19222 19355
18721 19253 19383
18724 19290 19400
18744 19309 19433
18793 19326 19475
18826 19334 19496
18852 19360 19546
18895 19371 19575
18934 19403 19591
18942 19439 19625
18966 19466 19656
18968 19467 19701
19016 19491 19720
19020 19523 19745
19029 19549 19763
19070 19589 19805
19119 19637 19841
19132 19651 19856
19165 19692 19881
19179 19721 19908
19190 19770 19923
19224 19774 19964
19273 19782 19974
19286 19822 19999
19317 19862 20028
19332 19910 20064
19367 19954 20086
19407 19961 20120
19438 20000 20152
19439 20015 20181
19479 20060 20203
19516 20102 20223
19560 20130 20231
19598 20168 20281
19613 20184 20327
19637 20198 20354
19667 20212 20377
19681 20224 20424
19700 20263 20460
19721 20306 20463
19730 20315 20502
19772 20326 20543
19810 20333 20548
19814 20372 20576
19829 20404 22528
19846 20417 20611
19870 20421 20654
19901 20448 20703
19920 20465 20745
19943 20514 20758
19972 20553 20808
19988 20594 20857
20012 20625 20897
20036 20633 20906
20042 20668 20910
20054 20670 20959
20073 20692 20964
20092 20703 20981
20113 20744 21025
20134 20761 21070
20162 20800 21102
20190 20846 21145
20191 20887 21191
20218 20893 21196
20264 20924 21238
20310 20932 21276
20317 20979 21321
20357 21009 21338
20384 21025 21368
20429 21046 21400
20473 21074 21450
20485 21088 21476
20510 21108 21505
20552 21150 21527
20576 21166 21538
20613 21213 21547
20616 21240 21589
20644 21246 21619
20654 21255 21642
20666 21278 21653
20700 21328 21655
20713 21372 21665
20762 21400 21700
20795 21432 21723
20842 21460 21745
20891 21470 21751
20923 21506 21764
20938 21555 21792
20964 21583 21829
20980 21592 21869
20991 21633 21876
21023 21651 21896
21051 21688 21945
21083 21729 21956
21086 21763 21963
21135 21789 21982
21142 21793 22012
21168 21837 22056
21190 21853 22090
21224 21865 22133
21233 21891 22273
21270 21897 22260
21274 21946 22316
21301 21981 22470
21339 21993 22183
21354 22013 22365
21379 22036 22335
21415 22066 22388
21422 22115 22491
21463 22123 22429
21481 22161 22221
