25451
48 82 85
82 20946 21458
102 143 158
143 178 193
178 197 236
13 34 165
197 225 267
224 271 304
36 102 268
271 304 360
301 347 382
317 377 416
328 410 448
368 448 485
392 482 527
429 527 566
447 562 605
34 571 642
494 603 656
531 614 685
536 655 718
2 702 756
538 733 766
543 748 814
573 776 843
580 812 885
592 819 887
597 863 926
608 891 931
622 912 957
651 957 1003
691 1003 1051
703 1051 1096
712 1096 1124
724 1123 1170
764 1129 1178
784 1136 1201
805 1166 1214
812 1212 1231
47 85 131
831 1230 1277
851 1277 1303
899 1303 1322
908 1315 1358
919 1358 1397
941 1397 1422
976 1403 1466
986 1450 1468
1014 1461 1497
1036 1497 1546
1065 1542 1554
1111 1549 1598
1158 1598 1601
1172 1601 1617
45 158 328
1177 1614 1664
1186 1646 1677
1221 1654 1686
1243 1671 1717
1266 1717 1745
1292 1745 1783
1311 1781 1818
1353 1818 1828
1362 1827 1863
1365 1863 1888
1387 1888 1917
1396 1901 1957
1427 1948 1993
1443 1993 2028
1491 2028 2069
1516 2035 2110
1527 2069 2154
1575 2098 2178
1621 2145 2188
1646 2188 2225
1664 2209 2273
1704 2232 2316
1744 2242 2346
1772 2277 2368
1812 2322 2411
1860 2355 2412
1871 2372 2434
1900 2400 2446
1949 2422 2468
1954 2467 2510
1973 2469 2545
1979 2491 2577
1996 2493 2593
2001 2516 2600
2021 2537 2617
2051 2555 2663
2055 2602 2704
2090 2612 2727
2123 2628 2728
2158 2629 2755
2204 2669 2785
2228 2705 2786
2268 2712 2829
2317 2716 2859
2356 2717 2871
2400 2723 2880
2436 2737 2914
2471 2743 2936
2517 2749 2973
2552 2770 2986
2578 2800 3024
2598 2804 3055
2600 2844 3069
2616 2873 3085
2658 2899 3091
2703 2941 3128
2749 2971 3159
2754 3019 3181
2768 3024 3188
2796 3037 3221
2821 3055 3256
2854 3097 3297
2884 3118 3322
2889 3163 3352
2934 3172 3394
2937 3210 3412
2942 3257 3453
2983 3293 3498
2997 3304 3533
3015 3313 3574
3062 3360 3607
3066 3373 3611
3079 3406 3616
3113 3429 3630
35 3477 3661
3138 3526 3666
3143 3535 3706
3157 3558 3750
3202 3597 3759
3213 3602 3794
3251 3628 3818
3276 3669 3824
3297 3696 3844
3322 3703 3882
3324 3715 3911
3341 3720 3945
3374 3733 3959
3379 3764 3990
3380 3806 4015
3427 3818 4044
3438 3857 4060
3469 3862 4076
3503 3875 4077
3522 3880 4087
3557 3891 4091
3586 3892 4103
3600 3915 4114
3614 3919 4115
3660 3965 4143
3682 3972 4178
3726 3994 4210
3769 4040 4226
3784 4045 4228
3806 4046 4275
3809 4095 4293
3825 4113 4297
3847 4129 4326
3857 4152 4342
3888 4169 4372
3929 4173 4415
3968 4190 4463
3985 4228 4468
4006 4255 4486
4040 4266 4491
4052 4270 4510
4083 4271 4533
4105 4311 4577
4128 4323 4604
4161 4352 4641
4196 4398 4679
4200 4426 4726
4245 4450 4767
4268 4486 4775
4291 4493 4818
4292 4536 4852
4338 4557 4858
4366 4601 4903
4407 4636 4917
4426 4661 4929
4430 4685 4937
4447 4733 4967
4492 4767 4999
4497 4808 5008
4535 4824 5033
4574 4861 5080
4592 4871 5104
4612 4910 5149
4640 4929 5168
4686 4968 5197
4729 4986 5235
4755 5024 5266
4770 5049 5283
4772 5059 5331
4804 5083 5360
4832 5104 5391
4878 5107 5437
4901 5114 5453
4937 5152 5480
4977 5193 5529
5021 5206 5565
5024 5239 5578
5068 5287 5611
5070 5336 5622
5110 5349 5624
5118 5350 5644
1 2 15
5136 5391 5677
5174 5437 5693
5196 5453 5718
5231 5480 5737
5270 5513 5753
5306 5540 5785
5349 5579 5834
5379 5600 5863
5401 5636 5908
5446 5680 5929
5462 5699 5946
5478 5727 5963
5501 5737 5968
5504 5746 5971
5546 5789 5973
5554 5820 5990
5566 5835 6015
5598 5851 6038
5634 5867 6051
5659 5907 6095
5678 5940 6135
5708 5953 6178
5717 5994 6214
5746 6004 6232
5764 6026 6261
5803 6062 6281
5845 6067 6290
5894 6108 6295
5922 6120 6328
5949 6138 6372
5983 6161 6404
6003 6195 6420
6016 6204 6446
6052 6220 6448
6055 6225 6490
6061 6252 6502
6100 6258 6544
6112 6295 6558
6137 6343 6582
6154 6379 6625
6166 6426 6650
6195 6432 6691
6231 6455 6709
6277 6465 6717
6299 6503 6743
6301 6547 6754
6338 6556 6801
6377 6598 6844
6394 6606 6856
6432 6642 6892
6443 6652 6939
6458 6698 6984
6478 6731 7026
6479 6732 7038
6516 6750 7039
6553 6772 7040
6579 6778 7078
6625 6819 7080
6664 6863 7127
6675 6871 7159
6684 6906 7189
6708 6943 7228
6745 6973 7264
6750 7009 7280
6795 7044 7294
6829 7088 7308
6878 7131 7324
6911 7157 7334
6955 7193 7341
6970 7233 7349
6991 7259 7370
7039 7294 7415
7070 7311 7423
7091 7349 7452
7095 7392 7486
7139 7434 7492
7149 7440 7498
7188 7481 7528
7200 7512 7558
7207 7554 7594
7213 7590 7622
7250 7622 7664
7278 7643 7665
7308 7648 7703
7323 7669 7740
7362 7713 7781
7407 7714 7828
7427 7719 7874
7472 7763 7876
7507 7775 7905
7554 7810 7940
7563 7844 7959
7609 7847 7965
7614 7889 7991
7619 7927 8001
7627 7941 8023
7637 7965 8046
7646 8001 8069
7653 8025 8100
7689 8034 8120
7716 8063 8165
7734 8078 8214
7755 8084 8257
7758 8132 8280
7798 8172 8290
7836 8195 8318
7881 8223 8353
7918 8242 8385
7945 8282 8411
7957 8294 8460
7996 8315 8469
8002 8328 8517
8017 8354 8521
8026 8392 8543
8045 8421 8562
8047 8452 8592
8073 8466 8605
8101 8510 8648
8148 8555 8686
8187 8562 8700
8209 8574 8721
8236 8588 8733
8271 8619 8761
8320 8621 8803
8327 8622 8849
8336 8628 8890
8364 8636 8937
8374 8640 8957
8383 8688 9003
8414 8718 9038
8428 8732 9054
8433 8756 9083
8437 8798 9098
8484 8828 9121
8514 8871 9168
8548 8885 9182
8551 8907 9185
8572 8948 9190
8602 8976 9232
8623 9016 9240
8645 9058 9282
8673 9089 9307
8691 9101 9325
8721 9133 9349
8740 9145 9398
8759 9174 9399
8782 9200 9415
8829 9225 9464
8862 9250 9500
8872 9286 9514
8896 9331 9561
8903 9341 9598
8926 9346 9621
8938 9372 9644
8953 9408 9687
8974 9448 9722
8987 9489 9734
9007 9536 9773
9036 9556 9798
9040 9597 9846
9054 9607 9854
9096 9625 9875
9139 9628 9884
9172 9673 9903
9215 9712 9941
9259 9741 9969
9299 9782 10008
9335 9801 10015
9361 9835 10045
9372 9847 10084
9397 9861 10099
9398 9883 10103
9416 9907 10145
9464 9924 10152
9469 9956 10195
9486 9963 10205
9490 10001 10219
9529 10008 10243
9532 10022 10261
9561 10033 10307
9567 10048 10352
9603 10074 10368
9618 10110 10369
9623 10145 10391
9647 10171 10407
9681 10202 10419
9711 10251 10460
9756 10253 10484
9767 10281 10523
9806 10301 10525
9842 10322 10557
9849 10333 10590
9892 10336 10627
9923 10344 10650
9941 10355 10688
9971 10380 10732
9989 10426 10765
10036 10428 10780
10063 10433 10787
10092 10475 10793
10096 10494 10813
10106 10535 10840
10114 10566 10886
10124 10581 10899
10154 10630 10921
10199 10671 10953
10232 10688 10976
10276 10689 11003
10303 10701 11024
10310 10731 11051
10339 10760 11084
10343 10786 11106
10361 10790 11136
10407 10797 11185
10419 10830 11195
10458 10849 11230
10488 10882 11271
10489 10900 11287
10514 10911 11291
10524 10959 11313
10541 10997 11335
10550 11046 11339
10564 11061 11343
10577 11077 11380
10600 11106 11390
10628 11131 11409
10677 11146 11452
10682 11167 11480
10699 11216 11506
10716 11253 11539
10737 11294 11569
10768 11329 11597
10780 11330 11620
10788 11366 11622
10798 11394 11624
10820 11438 11634
10849 11472 11682
10875 11493 11699
10904 11532 11740
10922 11569 11786
10969 11597 11811
10982 11612 11832
10995 11617 11848
11036 11637 11882
11049 11670 11889
11082 11671 11908
11104 11688 11950
11145 11700 11999
11182 11738 12045
11227 11777 12080
11274 11797 12095
11297 11842 12122
11309 11873 12127
11324 11882 12170
11366 11889 12210
11387 11932 12226
11391 11941 12258
11427 11967 12268
11457 12002 12316
11487 12040 12339
11504 12059 12350
11522 12063 12392
11550 12071 12436
11591 12087 12453
11630 12115 12454
11677 12135 12456
11724 12170 12499
11731 12183 12537
11735 12189 12575
11757 12203 12620
11769 12250 12651
11779 12279 12698
11826 12281 12715
11873 12290 12745
11902 12314 12753
11928 12336 12760
11972 12340 12796
12009 12380 12826
12027 12401 12836
12050 12407 12881
12099 12429 12883
12143 12439 12896
12192 12441 12909
12227 12457 12924
12255 12493 12957
12297 12522 12994
12306 12532 13009
12330 12568 13045
12355 12593 13094
12364 12598 13106
12376 12611 13110
12385 12654 13129
12432 12692 13145
12466 12716 13187
12479 12752 13200
12514 12754 13227
12561 12771 13250
12594 12781 13275
12617 12806 13284
12628 12807 13290
12670 12817 13328
12692 12864 13368
12694 12877 13403
12709 12889 13406
12725 12897 13414
12726 12940 13441
12769 12981 13459
12806 12999 13505
12852 13021 13547
12886 13030 13568
12933 13077 13573
12959 13099 13612
12987 13148 13621
13014 13155 13623
13024 13199 13672
13049 13230 13675
13081 13260 13714
13114 13293 13754
13118 13324 13768
13137 13336 13774
13157 13351 13818
13199 13373 13865
13209 13408 13895
13246 13451 13900
13290 13498 13905
13298 13523 13947
13314 13528 13990
13332 13567 14038
13353 13594 14043
13370 13631 14066
13399 13638 14104
13442 13661 14123
13458 13683 14134
13483 13720 14137
13505 13738 14148
13539 13779 14169
13587 13805 14193
13605 13831 14207
13617 13835 14208
13660 13860 14256
13691 13875 14290
13730 13902 14308
13763 13904 14314
13796 13936 14350
13804 13952 14358
13818 13971 14363
13836 13979 14377
13873 13985 14419
13877 14034 14448
13918 14083 14465
13947 14095 14506
13975 14133 14529
14011 14177 14533
14037 14198 14540
14060 14222 14582
14108 14267 14618
14120 14290 14619
14126 14305 14624
14131 14335 14657
14180 14372 14689
14227 14414 14716
14254 14436 14731
14273 14466 14759
14320 14502 14807
14327 14514 14810
14364 14515 14826
14368 14557 14848
14380 14580 14883
14384 14615 14897
14425 14657 14900
14440 14673 14901
14447 14697 14946
14457 14723 14988
14493 14732 15000
14537 14746 15021
14570 14753 15031
14613 14774 15064
14621 14804 15113
14651 14814 15130
14663 14835 15152
14664 14861 15182
14670 14891 15222
14671 14935 15247
14695 14961 15294
14737 14965 15299
14785 14994 15345
14788 15024 15351
14796 15053 15356
14825 15068 15396
14828 15105 15397
14846 15124 15419
14850 15129 15430
14857 15144 15456
14895 15161 15504
14936 15175 15551
14937 15179 15566
14960 15186 15597
14968 15212 15619
14985 15248 15656
14997 15277 15671
15029 15316 15682
15049 15340 15685
15052 15377 15707
15065 15423 15734
15067 15425 15771
15086 15433 15799
15135 15440 15806
15159 15477 15844
15208 15481 15876
15212 15483 15907
15225 15484 15934
15241 15522 15973
15244 15536 15994
15293 15583 16026
15322 15592 16055
15352 15631 16065
15367 15676 16094
15404 15708 16103
15442 15725 16109
15467 15730 16144
15516 15736 16171
15559 15769 16173
15600 15788 16188
15615 15829 16194
15629 15858 16209
15672 15875 16240
15699 15903 16281
15707 15910 16315
15742 15947 16358
15745 15960 16367
15787 16006 16376
15805 16055 16379
15835 16094 16406
15873 16103 16434
15880 16122 16450
15922 16150 16477
15940 16166 16520
15966 16213 16550
15997 16218 16583
15999 16260 16592
16031 16304 16621
16056 16326 16655
16058 16341 16662
16094 16361 16677
16141 16385 16725
16145 16416 16736
16194 16423 16767
16241 16451 16768
16285 16477 16790
16299 16522 16810
16309 16549 16826
16313 16555 16830
16318 16560 16831
16361 16582 16860
16404 16598 16880
16420 16605 16898
16425 16642 16918
16460 16687 16941
16494 16734 16978
16528 16752 16997
16549 16791 17011
16559 16816 17024
16561 16853 17048
16598 16875 17081
16621 16906 17086
16644 16941 17117
16653 16981 17149
16667 16985 17167
16706 17001 17192
16716 17034 17222
16722 17035 17236
16746 17047 17238
16792 17068 17250
16803 17112 17254
16813 17136 17285
16834 17158 17287
16856 17200 17292
16887 17219 17316
16934 24817 24843
16944 17227 17341
16963 17252 17356
16987 17299 17385
17032 17301 17426
17037 17350 17446
17054 17351 17483
17084 17362 17489
17114 17388 17536
17138 17410 17544
17174 17428 17562
17178 17446 17582
17203 17491 17609
17234 17529 17652
17238 17572 17701
17259 17577 17704
17278 17591 17714
17299 17626 17717
17339 17661 17766
17380 17678 17810
17408 17712 17846
17424 17743 17870
17431 17781 17915
17458 17828 17955
17488 17871 17985
17520 17911 18015
17530 17940 18039
17560 17980 18085
17584 18022 18116
17595 18024 18135
17597 18066 18153
17617 18114 18174
17644 18135 18203
17668 18161 18242
17717 18170 18247
17741 18215 18276
17772 18233 18311
17780 18277 18345
17822 18307 18394
17840 18356 18401
17841 18385 18419
17875 18402 18449
17912 18434 18489
17937 18476 18521
17972 18521 18545
17980 18545 18584
17995 18584 18610
18006 18610 18659
18034 18659 18685
18052 18685 18719
18085 18707 18752
18110 18721 18793
18158 18739 18801
18172 18784 18829
18221 18792 18838
18244 18810 18859
18256 18822 18908
18265 18865 18947
18269 18882 18993
18280 18912 19037
18310 18956 19073
18359 18992 19078
18383 19034 19104
18399 19041 19139
18418 19047 19159
18462 19060 19201
18480 19069 19233
18525 19092 19241
18566 19101 19284
18592 19145 19327
18621 19183 19376
18657 19222 19407
18681 19264 19431
18698 19298 19446
18730 19324 19450
18741 19373 19498
18772 19416 19511
18820 19446 19522
18854 19464 19569
18898 19508 19611
18929 19517 19614
18935 19552 19631
18967 19560 19677
18986 19593 19706
18993 19601 19733
19020 19603 19747
19065 19618 19762
19071 19659 19802
19097 19676 19848
19139 19692 19857
19187 19713 19885
19192 19731 19893
19220 19768 19939
19243 19778 19955
19246 19790 19962
19268 19818 19966
19284 19843 20008
19306 19891 20011
19337 19939 20027
19385 19985 20034
19425 19994 20037
19451 20014 20054
19483 20054 20077
19498 20077 20121
19500 20121 20124
19503 20124 20170
19538 20155 20173
19539 20173 20221
19545 20221 20258
19550 20258 20289
19557 20261 20323
19601 20264 20369
0 15 30
19608 20303 20410
19637 20344 20421
19658 20382 20448
19701 20413 20462
19727 20441 20497
19731 20484 20524
19773 20524 20565
19804 20565 20599
19813 20583 20631
19844 20600 20676
19863 20642 20686
19868 20686 20732
19870 20720 20753
19907 21049 21099
19928 20822 20880
19957 20753 20776
19964 20868 20907
19995 20773 20950
20037 20800 20843
20074 20975 21003
20112 20906 20975
20155 20986 21050
20169 24873 24880
20183 21017 21057
20213 21033 21105
20227 20909 21115
20258 21087 21137
20292 21109 21172
20337 21120 21208
20352 21131 21224
20398 21144 21250
20403 21182 21285
20405 21196 21306
20409 21209 21307
20453 21248 21335
20495 21291 21354
20526 21338 21384
20535 21359 21408
20576 21371 21452
20597 21408 21504
20643 20798 20818
20663 21424 21523
20692 21462 21555
20718 21508 21574
20727 21514 21623
20767 21520 21643
20803 21549 21651
20810 21582 21692
20852 21611 21722
20880 21655 21738
20912 21665 21779
20960 21711 21793
20965 21719 21823
20987 21730 21843
21026 21756 21872
21043 21773 21905
21056 21779 21929
21099 21786 21968
21104 21805 22003
21129 21819 22029
21149 21834 22071
21186 21872 22089
21196 21915 22108
21224 21941 22117
21270 21978 22148
21302 22021 22151
21307 22042 22152
21346 22060 22182
21365 22075 22187
21406 22113 22194
21407 22115 22239
21421 22121 22245
21457 22153 22286
21501 22166 22315
21546 22194 22350
21547 22226 22399
21572 22244 22438
21604 22265 22440
21621 22308 22456
21657 22313 22498
21675 22355 22542
21695 22380 22571
21726 22404 22595
21727 22423 22643
21762 22462 22674
21763 22483 22706
21789 22530 22720
21791 22557 22757
21822 22565 22796
21863 22580 22831
21910 22604 22862
21917 22640 22895
21956 22648 22938
21973 22665 22987
21986 22693 22992
21988 22732 22999
22024 22744 23033
22033 22765 23059
22047 22775 23083
22092 22817 23132
22140 22863 23149
22173 22875 23156
22193 22879 23169
22207 22900 23181
22236 22940 23196
22273 22977 23217
22307 22980 23251
22326 23005 23269
22338 23034 23305
22371 23038 23328
22418 23039 23371
22454 23075 23416
22493 23086 23419
22517 23114 23455
22557 23130 23478
22605 23168 23509
22615 23188 23546
22640 23213 23569
22688 23255 23607
22731 23302 23624
22734 23336 23658
22770 23363 23701
22802 23383 23704
22844 23403 23727
22890 23415 23741
22915 23419 23775
22939 23423 23798
22947 23437 23839
22966 23474 23877
22988 23486 23894
23005 23511 23931
23044 23541 23949
23051 23573 23962
23061 23611 23983
23072 23655 24015
23103 23671 24038
23138 23693 24056
23162 23700 24103
23190 23706 24114
23195 23723 24153
23199 23724 24166
23246 23737 24211
23292 23770 24214
23338 23806 24238
23356 23827 24265
23359 23854 24312
23368 23858 24357
23396 23875 24380
23407 23906 24381
23456 23927 24396
23480 23955 24413
23495 23970 24429
23510 23973 24475
23521 23987 24506
23565 24027 24535
23603 24075 24542
23617 24100 24585
23662 24103 24621
23683 24122 24645
23731 24155 24656
23771 24165 24660
23776 24178 24691
23800 24205 24739
23818 24224 24752
23849 24253 24800
23867 24842 24895
23904 24283 24838
23905 24305 24909
23910 24326 24953
23911 24368 24983
23931 24410 25001
23970 24432 25019
24006 24466 25042
24026 24494 25077
24038 24498 24872
24041 24512 24876
24085 24540 25085
24102 24547 25095
24151 24568 25131
24197 24615 25169
24218 24619 25202
24222 24642 25238
24233 24675 25264
24239 24695 25304
24251 24698 25348
24300 24747 24878
24303 24787 25375
24343 24849 25415
