25756
7 1342 4340
53 54 96
54 96 140
77 128 184
119 151 216
136 199 241
165 231 268
200 239 313
234 279 328
258 303 349
275 349 383
299 355 427
307 389 473
328 434 485
335 451 522
360 487 560
388 504 581
425 547 618
462 590 655
466 594 656
487 624 663
499 662 692
519 664 695
544 677 703
579 681 735
601 704 776
604 754 796
650 1785 5131
695 796 842
708 829 887
744 892 938
786 938 960
797 952 967
827 868 1014
851 873 1062
858 955 1111
876 972 1156
880 890 903
884 1018 1159
904 1022 1163
939 1037 1182
971 1055 1215
991 1077 1241
1022 1101 1287
1053 1112 1297
1075 1140 1343
5 6 17
1085 1181 1386
1103 1209 1430
1133 1251 1435
1160 1262 1461
1209 1282 1462
1252 1293 1501
1268 1328 1537
1270 1330 1562
1318 1333 1583
1323 1575 1601
1364 1387 1607
1379 1435 1626
1385 1444 1638
1389 1462 1673
1435 1509 1689
1457 1534 1715
1500 1651 1741
1536 1655 1760
1584 1756 1764
1626 1665 1786
1631 1795 1824
1673 1801 1866
1679 1714 1896
1714 1804 1897
1742 1759 1934
1751 1776 1979
1770 1815 2000
1815 1843 2004
1839 1866 2049
1852 1907 2062
1881 1931 2072
1888 1962 2114
1907 2012 2163
1945 2056 2183
1984 2087 2210
2011 2101 2244
2031 2109 2253
2062 2110 2280
2095 2135 2324
2103 2183 2370
2128 2185 2374
2154 2212 2396
2183 2253 2434
2227 2281 2480
2269 2331 2502
2306 2343 2527
2336 2362 2529
2339 2385 2545
2384 2422 2562
2422 2462 2580
2425 2487 2601
2443 2531 2632
2475 2568 2678
2479 2574 2702
2501 2600 2737
2543 2631 2745
2547 2639 2761
2554 2654 2766
2574 2669 2786
2623 2716 2826
2660 2754 2859
2666 2787 2876
2705 2828 2883
2742 2862 2888
2758 2883 2896
2781 2891 2922
2826 2905 2933
2865 2933 2961
2874 2943 3009
2911 2952 3047
2952 3002 3069
3001 3039 3089
3011 3043 3105
3017 3086 3147
3037 3120 3173
3056 3123 3217
3069 3149 3256
3078 3159 3290
3092 3181 3332
3100 3207 3336
3103 3217 3350
3133 3248 3394
3143 3281 3415
3182 3310 3451
3216 3320 3467
3232 3343 3491
3268 3351 3500
3310 3365 3520
3315 3403 3564
3326 3411 3611
3354 3457 3645
3380 3485 3670
3407 3510 3674
3453 3536 3711
3487 3563 3719
3525 3578 3734
3544 3609 3757
3588 3628 3796
3598 3678 3844
3624 3706 3850
3649 3735 3856
3679 3773 3882
3685 3806 3901
3705 3847 3913
3719 3895 3917
3743 3903 3930
3754 3908 3931
3795 3919 3957
3833 3920 3981
3876 3959 3994
3924 3966 4018
3966 3970 4029
3970 3994 4058
3978 4038 4092
4012 4051 4139
4041 4054 4155
4046 4063 4204
4063 4106 4227
4102 4138 4276
4117 4157 4283
4157 4198 4284
4198 4225 4306
4208 4256 4341
3 1601 4391
4224 4294 4374
4258 4337 4408
4272 4343 4861
4319 4399 4449
0 17 33
4338 4449 4486
4347 4494 4532
4360 4392 4412
4392 4486 4558
4414 4541 4574
4437 4528 4560
4439 4539 4594
4479 4579 4623
4487 4566 4658
4490 4569 4680
4529 4576 4699
4567 4607 4744
4581 4642 4753
4596 4665 4788
4635 4682 4821
4682 4717 4847
4696 4749 4853
4716 4798 24261
4724 4771 4906
4768 4807 4954
4800 4833 4974
4809 4861 4983
4823 4899 4987
4829 4916 5021
4879 4963 5039
4928 5001 5049
4956 5025 5090
4963 5039 5118
4993 5088 5129
5021 5129 5168
5030 5168 5206
5045 5206 5244
5093 5244 5276
5107 5276 5314
5108 5286 5333
5128 5333 5373
5135 5365 5382
5176 5374 5414
5204 5401 5438
5219 5425 5462
5248 5449 5467
5271 5466 5487
5298 5463 5533
5302 5483 5558
5321 5530 5583
5335 5559 5623
5355 5571 5628
5377 5591 5640
5408 5602 5661
5439 5623 5686
5482 5660 5725
5491 5691 5741
5523 5709 5749
5524 5711 5790
5537 5726 5826
5541 5744 5832
5543 5765 5831
5570 5780 5845
5597 5827 5852
5605 5845 5891
5623 5884 5916
5632 5913 5937
5665 5925 5966
5703 5953 5982
5738 5982 6022
5768 6021 6062
5784 6046 6089
5832 6085 6128
5862 6095 6170
5867 6134 6205
5900 6184 6231
5923 6231 6261
5937 6257 6291
5946 6291 6341
5966 6337 6387
6011 6387 6424
6038 6424 6465
6082 6452 6507
6083 6481 6537
6085 6523 6561
6092 6555 6608
6110 6600 6639
6121 6634 6684
6145 6684 6729
6181 6729 6764
6208 6756 6802
6233 6764 6832
6276 6770 6877
6293 6820 6887
6298 6867 6889
6304 6869 6921
6326 6630 6654
6331 6878 6964
6335 6890 6996
6345 6921 6999
6388 6963 7020
6414 6992 7069
6441 7017 7074
6464 7059 7109
6487 7107 7157
6526 7122 7168
6555 7138 7193
6579 7160 7218
6616 7171 7226
6618 7211 7255
6622 7251 7287
6650 7275 7309
6658 7308 7342
6699 7340 7389
6732 7361 7410
6735 7410 7457
6750 7430 7496
6752 7451 7539
6772 7486 7544
6777 7516 7571
6827 7551 7586
6854 7549 7617
6896 7565 7649
6906 7580 7692
6914 7600 7722
6946 7210 7241
6949 7619 7770
6988 7623 7812
6989 7658 7833
7028 7679 7849
7036 7693 7857
7043 7710 7893
7078 7738 7918
7082 7775 7962
7096 7823 7969
7132 7857 7970
7160 7855 7998
7162 7883 8019
7197 7895 8030
7217 7912 8077
7220 7944 8086
7223 7967 8102
7247 7996 8152
7271 8002 8153
7293 8027 8202
7298 8055 8244
7322 8071 8268
7333 8116 8312
7371 8127 8321
7418 8160 8338
7454 8174 8364
7502 8206 8413
7524 8249 8455
7527 8286 8488
7545 8322 8535
6 4073 8565
7562 8340 8608
7570 8351 8634
7612 8349 8647
7650 8408 8685
7664 8395 8723
7677 8472 8729
7723 8447 8747
7755 8482 8791
7804 8479 8833
7832 8527 8865
7865 8511 8904
7885 8574 8953
7901 8566 8976
7949 8618 9014
7983 8662 9021
8007 8725 9048
8027 8712 9090
8035 8782 9115
8079 8752 9154
8129 8844 9176
8149 8810 9207
8160 8919 9233
8171 8887 9262
8191 8964 9304
8207 8946 9309
8211 8949 9317
8218 9013 9335
8257 8990 9383
8282 9078 9403
8316 9048 9439
8352 9114 9467
8368 9144 9479
8388 9200 9495
8424 9187 9521
8443 9270 9527
8457 9243 9567
8492 9289 9600
8509 9336 9640
8518 9397 9663
8560 9384 9675
8604 9447 9682
8647 9507 9690
8684 9484 9706
8689 9533 9721
8723 9578 9767
8768 9557 9776
8775 9563 9807
8806 9634 9829
8834 9623 9840
8873 9691 9871
8916 9678 9915
8940 9760 9935
8971 9726 9956
8975 9822 9959
8988 9795 9978
9001 9798 9981
9011 9818 10004
9035 9819 10051
9041 9841 10088
9062 9919 10091
9101 9887 10107
9132 9953 10150
9147 9943 10200
9183 9992 10248
9219 10045 10266
9220 10022 10293
9263 10029 10322
9291 10123 10361
9310 10089 10380
9318 10182 10418
9350 10167 10434
9353 10243 10482
9377 10231 10503
9409 10237 10524
9437 10315 10529
9470 10292 10570
9476 10301 10613
9521 10354 10641
9564 10352 10643
9586 10399 10656
9624 10445 10658
9641 10496 10691
9659 10487 10737
9704 10490 10773
9708 10555 10801
9757 10537 10813
9774 10588 10853
9823 10673 10855
9841 10636 10873
9850 10668 10902
9864 10681 10936
9899 10742 10957
9904 10709 10973
9944 10726 10976
9986 10792 10982
10019 10779 10987
10063 10875 10998
10099 10841 11025
10116 10843 11062
10125 10937 11091
10159 10900 11118
10165 10931 11132
10198 10944 11164
10236 11026 11180
10265 10991 11221
10297 11062 11263
10322 11059 11299
10353 11126 11344
10376 11092 11363
10415 11093 11379
10432 11194 11406
10470 11167 11431
10480 11188 11475
10491 11192 11489
10524 11230 11520
10531 11286 11525
10535 11263 11555
10558 11270 11603
10560 11324 11642
10596 11370 11645
10611 11453 11650
10615 11419 11688
10621 11485 11712
10647 11522 11720
10674 11489 11742
10679 11570 11749
10692 11537 11757
10734 11624 11791
10757 11594 11827
10782 11596 11848
10800 11689 11893
10804 11664 11912
10805 11758 11916
10811 11731 11957
10851 11757 11979
10897 11824 12026
10911 11807 12067
10947 11861 12111
10963 11840 12149
10968 11909 12167
10985 11882 12209
11013 11983 12246
11039 11948 12251
11067 12048 12293
11114 12032 12335
11120 12093 12339
11164 12072 12356
11166 12121 12362
11196 12114 12374
11241 12176 12392
11267 12145 12406
11291 12158 12435
11324 12255 12440
11347 12224 12449
11384 12247 12463
11387 12285 12509
11429 12354 12556
11458 12332 12603
11465 12397 12633
11506 12435 12657
11543 12497 12668
11569 12480 12678
11607 12486 12712
11645 12540 12719
11669 12602 12723
11709 12569 12748
11731 12570 12763
11733 12645 12783
11766 12690 12822
11769 12675 12834
11797 12682 12873
11804 12742 12893
11849 12739 12934
11870 12773 12948
11885 12765 12964
11894 12844 12999
11910 12818 13030
11958 12910 13035
11986 12886 13040
12015 12931 13042
12022 13007 13063
12030 12972 13094
12040 13019 13106
12070 13070 13132
12111 13033 13170
12112 13140 13180
12126 13103 13194
12174 13197 13239
12177 13177 13200
12206 13274 13313
12234 13239 13358
12237 13334 13404
12245 13313 13435
12249 13324 13460
12254 13345 13502
12278 13409 13508
12296 13381 13539
12325 13455 13565
12358 13505 13573
12380 13494 13591
12398 13543 13641
12414 13593 13662
12428 13638 13679
12466 13679 13723
12500 13723 13767
12542 13764 13809
12563 13751 13768
12591 13809 13839
12631 13839 13851
12642 13848 13878
12671 13895 13931
12719 13873 13902
12731 13931 13971
12744 13959 14014
12760 13956 13975
12792 14013 14047
12828 14001 14063
12874 14048 14113
12918 14047 14119
12943 14065 14141
12962 14114 14164
13006 14163 14207
13029 14207 14246
13039 14283 14324
13042 14246 14294
13059 14275 14298
13085 14277 14300
13102 14335 14365
13151 14324 14335
13194 14399 14447
13227 14435 14459
13243 14365 14411
13263 14434 14469
13303 14467 14517
13338 14446 14566
13348 14459 14592
13391 14512 14624
13435 14557 14637
13482 14556 14647
13494 14617 14681
13519 14597 14687
13521 14649 14724
13548 14680 14751
13598 14754 14800
13616 14720 14843
13621 14837 14882
13660 14800 14932
13692 14850 14959
13707 14849 15005
13708 14858 15014
13712 14937 15051
13741 14900 15063
13772 14996 15101
13815 14960 15138
13845 15039 15168
13848 15085 15170
13859 15052 15193
13860 15074 15199
13879 15135 15245
13903 15203 15277
13913 15185 15326
13922 15200 15330
13947 15271 15372
13988 15235 15393
14024 15264 15438
14048 15267 15439
14093 15315 15442
14139 15382 15448
14154 15348 15473
14171 15416 15505
14219 15386 15539
14253 15407 15574
14295 15462 15618
14316 15516 15630
14341 15504 15671
14342 15554 15679
14356 15600 15714
14398 15682 15756
14426 15650 15767
14443 15668 15808
14459 15741 15822
14465 15728 15824
14496 15784 15874
14501 15861 15915
14549 15834 15942
14578 15855 15967
14586 15911 16014
14630 15884 16059
14663 15929 16061
14704 15952 16090
14738 16032 16093
14748 16000 16099
14759 16075 16131
14776 16123 16176
14820 16088 16199
14843 16109 16241
14882 16194 16249
14903 16170 16285
14924 16250 16323
14970 16222 16327
15019 16309 16361
15053 16278 16394
15066 16285 16406
15079 16337 16450
15096 16374 16465
15108 16352 16497
15148 16421 16498
15152 16417 16542
15199 16467 16588
15201 16442 16628
15227 16505 16655
15235 16494 16692
15285 16585 16736
15335 16552 16737
15383 16615 16783
15427 16687 16787
15461 16656 16814
15466 16746 16861
15479 16729 16906
15507 16792 16931
15523 16773 16973
15547 16817 17009
15551 16884 17041
15562 16867 17064
15567 16932 17088
15601 16972 17115
15628 17050 17137
15678 17016 17149
15698 17040 17183
15730 17088 17207
15777 17147 17250
15820 17132 17260
15855 17191 17261
15881 17246 17282
15928 17240 17272
15956 17304 17327
15963 17282 17309
15993 17360 17376
16016 17327 17384
16030 17376 17420
16080 17428 17468
16116 17392 17455
16121 17505 17532
16147 17468 17582
16176 17532 17615
16203 17596 17624
16211 17569 17642
16219 17615 17676
16245 17644 17686
16273 17706 17726
16305 17685 17718
16340 17732 17761
16365 17722 17737
16410 17781 17835
16424 17753 17792
16457 17819 17869
16483 17879 17918
16486 17865 17899
16491 17918 17950
16528 17982 18013
16538 17950 17978
16566 17968 18017
16610 18042 18090
16616 18013 18046
16659 18022 18051
16683 18110 18143
16692 18090 18159
16716 18143 18194
16756 18183 18208
16798 18149 18257
16800 18178 18268
16834 18216 18279
16860 18200 18314
16897 18211 18349
16935 18266 18396
16982 18235 18410
16986 18265 18456
16990 18294 18482
17006 18281 18487
17029 18342 18518
17067 18415 18539
17081 18387 18546
17102 18478 18561
17138 18453 18610
17175 18461 18614
17200 18469 18654
17237 18527 18669
17260 18587 18676
17277 18571 18711
17284 18586 18751
17319 18655 18779
17356 18633 18808
17380 18705 18833
17422 18771 18842
17434 18741 18863
17440 18810 18894
17480 18796 18933
17510 18886 18982
17546 18853 18998
17562 18877 19045
17595 18937 19057
17636 18903 19085
17642 19013 19099
17674 18986 19115
17706 19074 19117
17734 19058 19158
17781 19130 19204
17792 19117 19236
17837 19168 19258
17853 19149 19277
17868 19222 19305
17902 19217 19332
17927 19276 19369
17970 19245 19382
18009 19257 19384
18016 19353 19403
18033 19318 19443
18082 19352 19449
18102 19389 19487
18108 19370 19494
18128 19441 19536
18154 19439 19560
18184 19474 19590
18221 19545 19592
18256 19519 19600
18299 19596 19624
18349 19576 19625
18366 19581 19628
18410 19623 19656
18427 19651 19704
18464 19626 19712
18471 19731 19753
18513 19699 19776
18558 19767 19824
18567 19753 19857
18612 19802 19846
18623 19846 19889
18667 19906 19944
18690 19876 19893
18715 19884 19938
18737 19893 19978
18771 19956 20022
18793 19944 20064
18825 19989 20073
18851 20059 20118
18885 20037 20143
18907 20048 20175
18944 20102 20190
18946 20165 20236
18993 20139 20280
19011 20225 20289
19030 20194 20299
19078 20233 20327
19119 20288 20363
19166 20259 20397
19199 20279 20405
19208 20338 20438
19238 20319 20450
19286 20401 20456
19308 20367 20496
19345 20383 20498
19382 20394 20532
19393 20442 20553
19423 20411 20557
19461 20429 20607
19474 20490 20623
19522 20557 20634
19561 20536 20682
19583 20537 20690
19599 20540 20717
19614 20551 20718
19643 20575 20724
19689 20629 20726
19707 20604 20744
19716 20625 20774
19756 20696 20811
19804 20661 20859
19831 20671 20883
19854 20688 20913
19880 20717 20955
19921 20765 20975
19958 20828 21004
19977 20805 21013
20025 20875 21031
20056 20920 21051
20098 20908 21077
20106 20991 21108
20127 20961 21115
20165 20964 21146
20213 20976 21190
20228 21060 21218
20257 21037 21249
20273 21045 21257
20302 21088 21283
20348 21074 21300
20370 21148 21318
20404 21112 21342
20453 21189 21361
20475 21169 21381
20488 21207 21414
20520 21241 21452
20523 21234 21463
20533 21281 21499
20578 21323 21542
20617 21400 21561
20640 21363 21598
20674 21391 21645
20713 21399 21664
20752 21457 21673
20766 21440 21690
20809 21450 21723
20814 21501 21746
20827 21565 21773
20861 21549 21804
20892 21551 21826
20935 21607 21830
20971 21646 21843
21019 21691 21892
21022 21773 21934
21036 21737 21951
21065 21847 21985
21108 21815 22008
21127 21837 22054
21154 21876 22095
21162 21873 22141
21198 21931 22165
21238 21916 22206
21260 21979 22210
21291 22009 22212
21299 22081 22243
21313 22049 22249
21320 22129 22297
21354 22102 22305
21378 22108 22322
21400 22158 22341
21440 22208 22378
21473 22172 22389
21486 22291 22437
21508 22257 22453
21518 22266 22477
21547 22343 22518
21581 22312 22527
21592 22397 22555
21628 22371 22580
21657 22435 22593
21669 22408 22611
21690 22488 22651
21717 22459 22669
21724 22466 22718
21771 22559 22750
21816 22530 22798
21866 22531 22799
21892 22618 22818
21913 22598 22833
21918 22664 22869
21954 22691 22906
21968 22761 22925
22013 22730 22964
22051 22781 22977
22080 22772 23004
22119 22778 23015
22132 22860 23064
22156 22831 23114
22175 22884 23142
22218 22867 23167
22260 22925 23215
22276 22899 23236
22311 22990 23280
22342 22967 23307
22357 23031 23320
22367 23009 23344
22371 23094 23355
22388 23066 23362
22420 23087 23379
22443 23154 23389
22467 23108 23416
22511 23194 23451
22526 23237 23488
22561 23282 23492
22568 23150 23505
22569 23347 23521
22581 23322 23527
22615 23395 23571
22662 23373 23588
22709 23413 23591
22714 23477 23607
22761 23454 23616
22783 23560 23628
22827 23515 23655
22839 23615 23663
22856 23588 23662
22872 23664 23706
22881 23663 23744
23509 23557 23691
22930 23702 23793
22978 23775 23833
23000 23741 23867
23048 23802 23878
23090 23852 23928
23101 23829 23931
23116 23840 23935
23139 23897 23974
23148 23934 23990
23192 24007 24079
23229 23981 24031
23250 24056 24095
23268 24093 24123
23291 24153 24203
23298 24119 24169
23300 25485 25511
23345 24203 24236
23365 24288 24347
23379 24236 24304
23392 24342 24352
23408 24272 24383
23416 24349 24391
23441 24397 25170
23485 24369 25325
23503 24421 24557
23519 24485 24501
23559 24282 24512
23571 24455 24741
23587 25387 25429
23621 24488 24521
23650 24548 24656
24670 25539 25735
23681 24597 24672
23695 25381 25480
24358 24406 24434
23731 25510 25559
23760 25061 25193
24654 24700 24744
23715 24516 24596
23807 24791 24801
23772 25465 25754
24636 24814 24927
23826 24574 24641
23909 24863 24913
24776 24939 24985
23925 24764 24844
24176 24559 24685
23959 24991 25068
23990 24744 25030
23979 24963 25118
23892 24287 24315
23866 25368 25381
24047 24957 25368
24128 25292 25342
24157 25070 25169
23993 25018 25221
24194 25165 25209
24017 24799 24870
24085 24646 24758
24032 25208 25273
24208 25244 25316
24224 24978 25332
23817 24541 25433
24268 24561 25751
24303 24415 24735
24393 25565 25635
24443 25601 25695
24314 25339 25440
24334 25100 25148
24493 24667 25374
24344 25118 25286
24533 25727 25753
24316 24334 25395
24519 25416 25594
24350 25608 25716
24579 25015 25041
24352 25646 25678
24681 25677 25727
24730 24913 24944
