24938
25 696 797
48 70 114
7 8 17
4296 4352 4383
58 768 1798
77 114 161
83 137 176
104 176 206
139 206 246
168 246 282
187 254 291
194 265 310
195 310 347
223 347 387
240 374 424
254 384 433
256 401 462
295 404 484
324 434 530
371 443 547
407 481 565
18 42 81
16 504 573
444 547 621
467 556 633
478 576 642
504 595 662
549 600 676
558 622 691
575 654 694
599 684 715
638 743 753
669 753 780
713 799 828
780 826 858
811 846 895
844 880 918
848 918 958
760 955 1006
893 973 1025
915 998 1070
961 1023 1089
976 1048 1120
802 1059 1146
1004 1104 1169
1022 1116 1213
1067 1151 1242
1060 1185 1249
1084 1195 1271
1122 1231 1274
1169 1232 1287
876 1260 1305
1206 1288 1348
1253 1310 1366
1278 1342 1414
1325 1356 1437
1360 1401 1462
1398 1438 1482
1340 1372 1508
1449 1486 1525
1433 1478 1528
1481 1520 1563
1491 1547 1592
1505 1575 1616
1523 1609 1660
1559 1607 1670
1608 1642 1698
1589 1717 1739
661 775 932
1637 1690 1744
1666 1737 1784
808 1783 1845
1707 1828 1879
8 1870 1904
1 17 40
1741 1923 1964
1696 1904 1941
1795 1971 1983
1788 1945 2020
1833 1997 2048
1872 1975 2061
1910 2040 2083
1954 2088 2125
1999 2069 2135
2039 2083 2153
2096 2148 2173
2083 2104 2193
2136 2173 2189
2182 2220 2231
2235 2258 2274
2169 2227 2321
2217 2248 2268
2272 2307 2354
2290 2354 2401
805 2401 2445
2313 2445 2461
2258 2272 2331
2352 2458 2508
2364 2460 2504
2417 2504 2548
2387 2519 2551
2478 2540 2598
2449 2582 2612
2528 2593 2659
2503 2634 2662
2571 2650 2714
2609 2686 2739
2655 2697 2752
2693 2736 2781
2555 2747 2789
2730 2776 2831
2772 2810 2854
2746 2850 2891
2813 2884 2924
2789 2874 2945
2861 2917 2953
2833 2879 2977
2901 2919 2986
2871 2964 3030
2928 3003 3073
2361 3027 3087
2917 3068 3132
2988 3084 3150
2974 3080 3175
3028 3097 3199
3066 3113 3220
3135 3180 3245
3113 3142 3292
3193 3217 3300
3180 3222 3314
3203 3283 3317
3222 3264 3355
3260 3299 3354
3299 3346 3403
3346 3378 3422
3378 3407 3436
13 28 56
1503 2122 2668
3391 3436 3472
3418 3448 3504
3426 3480 3542
776 3516 3574
3461 3547 3620
3472 3574 3645
3494 3598 3653
3509 3608 3654
3530 3638 3701
2922 3680 3714
3552 3714 3758
3566 3752 3797
3602 3760 3829
3620 3772 3867
3642 3797 3889
3664 3809 3932
3677 3836 3936
3715 3875 3984
3735 3917 3992
3779 3933 4001
3796 3952 4029
3805 3966 4065
3853 3969 4069
3862 3977 4079
3906 4020 4123
3939 4027 4136
3979 4074 4164
4013 4096 4174
4044 4113 4180
4081 4118 4202
4090 4144 4206
4136 4161 4225
4143 4179 4269
4169 4224 4294
4205 4242 4307
4224 4255 4338
4227 4264 4339
4251 4288 4356
4288 4323 4402
4338 4376 4411
4356 4411 4458
4394 4458 4498
4438 4468 4513
4457 4507 4540
4490 4536 4570
4498 4570 4594
4538 4572 4623
4564 4619 4671
4580 4621 4675
4587 4669 4710
4609 4710 4751
4615 4751 4769
4644 4768 4816
4652 4816 4847
4657 4826 4893
4684 4869 4905
4690 4890 4925
4692 4910 4953
4696 4945 5004
4744 4985 5029
4786 5011 5036
4814 5014 5063
4831 5046 5067
4859 5067 5112
4883 5112 5159
4895 5159 5200
4905 5188 5235
4926 5194 5254
4955 5221 5256
4964 5236 5272
4995 5259 5301
5013 5260 5323
5022 5293 5370
5030 5330 5379
5043 5340 5396
5053 5365 5433
5063 5406 5468
5096 5446 5484
5116 5450 5518
5134 5453 5529
5148 5455 5563
15 3347 4959
5190 5482 5611
5207 5485 5629
5227 5509 5643
5269 5511 5644
5273 5553 5667
5304 5600 5704
5330 5639 5730
5368 5642 5746
5394 5690 5761
5442 5732 5808
5490 5743 5831
5 2189 2566
5512 5744 5838
5540 5785 5863
5542 5786 5888
5558 5804 5920
5569 5836 5927
5595 5868 5974
5612 5874 5976
5623 5883 5997
5626 5918 6026
5641 5923 6052
5667 5930 6056
5680 5974 6057
5705 5978 6074
5708 5989 6080
5752 6036 6099
5780 6082 6114
5791 6112 6152
5803 6135 6165
5809 6162 6213
5840 6167 6222
5880 6198 6253
5927 6243 6282
5964 6282 6327
6009 6303 6337
6022 6321 6351
6059 6340 6388
6084 6357 6403
6112 6358 6431
6123 6363 6453
6142 6375 6480
6158 6395 6518
6161 6427 6559
6191 6431 6568
6222 6460 6606
6262 6490 6612
6269 6511 6657
24 780 1846
6292 6555 6699
6324 6597 6731
6356 6601 6764
6374 6625 6791
6405 6634 6812
6443 6655 6820
6447 6658 6852
6494 6695 6867
6525 6708 6881
6551 6752 6914
6577 6774 6919
6621 6807 6927
6661 6850 6964
6701 6877 6991
6724 6909 7000
6732 6948 7009
6764 6988 7047
6765 7003 7058
6769 7011 7067
6786 7014 7071
6816 7038 7098
6850 7058 7100
6855 7091 7114
6877 7094 7158
6885 7125 7188
6927 7147 7223
6945 7162 7241
6950 7197 7260
6971 7231 7270
6994 7266 7318
7042 7290 7338
7055 7338 7381
7066 7344 7406
7091 7382 7419
7115 7414 7438
7158 7419 7462
7175 7449 7494
7220 7494 7537
7234 7537 7558
7250 7553 7601
7264 7601 7645
7281 7604 7674
7291 7633 7690
7315 7645 7731
7338 7646 7735
7343 7667 7756
7377 7695 7804
7380 7734 7837
7399 7769 7879
7406 7800 7918
7418 7828 7932
7434 7841 7972
7475 7886 7995
7481 7901 8015
7513 7902 8021
7525 7928 8037
7573 7946 8076
7604 7947 8090
7607 7994 8091
7645 8037 8134
7690 8044 8154
7692 8092 8164
7704 8120 8190
7733 8132 8217
7757 8165 8241
7785 8192 8249
7787 8220 8277
7834 8263 8313
7840 8267 8327
7854 8311 8339
7880 8314 8355
7907 8348 8362
7922 8352 8378
7941 8353 8386
7970 8374 8421
7985 8406 8461
8009 8428 8502
8054 8466 8548
8101 8490 8561
8142 8522 8601
8151 8537 8637
8175 8577 8670
8183 8625 8680
8192 8640 8691
8231 8659 8717
8235 8662 8737
8249 8663 8774
8261 8704 8792
8303 8710 8815
8318 8746 8823
8357 8778 8861
8391 8789 8878
8399 8818 8914
8406 8857 8948
8448 8858 8990
8488 8859 8999
8495 8872 9044
8506 8912 9046
8536 8936 9073
8549 8945 9087
8594 8971 9099
8603 8975 9110
8628 9018 9128
8660 9063 9145
8694 9087 9156
8726 9111 9189
8760 9125 9233
8807 9137 9255
8819 9165 9276
8866 9198 9297
8896 9203 9298
8905 9204 9312
8938 9247 9316
8958 9273 9326
8964 9294 9371
8992 9335 9415
9016 9376 9450
9045 9408 9469
9091 9442 9511
9130 9458 9531
9137 9484 9560
9162 9531 9593
9191 9563 9612
9199 9566 9634
9204 9570 9661
9226 9575 9685
9269 9612 9718
9282 9627 9756
9322 9652 9765
9357 9665 9791
9402 9702 9808
9440 9717 9847
9479 9749 9848
9494 9786 9889
9537 9822 9916
9585 9839 9958
9593 9868 10002
9616 9876 10011
9642 9883 10022
9653 9916 10024
9655 9935 10047
9666 9939 10058
9714 9941 10101
9750 9968 10135
9794 9976 10178
9835 9979 10195
9841 9989 10217
9851 10017 10229
9878 10049 10232
9894 10054 10264
9942 10073 10302
9970 10105 10321
9976 10152 10331
10005 10187 10355
10011 10189 10360
10036 10225 10369
10040 10236 10378
10072 10248 10391
10118 10275 10422
10163 10280 10423
10175 10318 10434
10197 10346 10467
10212 10381 10512
10237 10427 10558
10256 10434 10602
10271 10480 10624
10286 10526 10650
10313 10539 10667
10330 10541 10703
10355 10573 10734
10359 10606 10751
10376 10636 10796
10419 10662 10812
10454 10677 10843
10459 10725 10871
10484 10738 10907
10525 10775 10916
10567 10797 10923
10592 10829 10960
10611 10868 10987
10659 10891 11029
10672 10893 11040
10693 10898 11048
10705 10939 11049
10713 10975 11062
10741 11023 11108
10759 11027 11154
10763 11057 11165
10786 11075 11178
10806 11119 11194
10810 11120 11229
10850 11124 11272
10868 11144 11292
10904 11146 11298
10907 11163 11346
10946 11201 11349
10948 11216 11362
10958 11248 11395
10979 11256 11411
11011 11274 11449
11023 11297 11452
11044 11330 11488
11076 11341 11517
11077 11377 11539
11084 11411 11586
11120 11414 11619
11164 11444 11622
11205 11484 11644
11245 11519 11689
11266 11536 11733
11312 11542 11760
11350 11553 11783
11374 11568 11806
11412 11576 11828
11441 11599 11829
11464 11625 11859
11492 11635 11866
11497 11656 11868
11513 11678 11914
11522 11726 11958
11533 11736 11997
11552 11772 12015
11564 11795 12028
11609 11822 12063
11620 11840 12083
11632 11857 12108
11674 11904 12149
11705 11926 12156
11708 11949 12194
11740 11991 12220
11770 12009 12232
11818 12040 12274
11859 12053 12282
11887 12095 12289
11935 12116 12337
11963 12134 12367
11967 12144 12372
11983 12191 12390
12020 12236 12407
12023 12263 12412
12050 12264 12452
12092 12268 12467
12130 12281 12475
12149 12288 12510
12184 12295 12520
12224 12301 12550
12263 12343 12566
12306 12346 12607
12325 12379 12630
12334 12413 12634
12382 12454 12654
12423 12464 12665
12457 12498 12673
12469 12502 12691
12476 12548 12705
12520 12590 12747
12543 12622 12756
12574 12631 12784
12593 12661 12793
12611 12708 12803
12618 12755 12839
12634 12784 12873
12675 12814 12903
12685 12819 12931
12694 12823 12934
12739 12851 12943
12772 12852 12985
12789 12893 13021
12794 12896 13038
12833 12932 13040
12834 12944 13061
12874 12967 13096
12905 13015 13137
12931 13047 13153
12979 13067 13180
12990 13095 13225
13038 13143 13245
13043 13156 13283
13063 13201 13321
13090 13206 13324
13134 13230 13338
13142 13270 13343
13145 13298 13344
13181 13311 13384
13209 13338 13432
13241 13351 13433
13261 13357 13455
13299 13391 13471
13336 13422 13477
13364 13463 13521
13378 13509 13557
13409 13557 13584
13438 13565 13605
13464 13605 13630
13487 13630 13665
13501 13665 13694
13513 13676 13731
13554 13698 13772
13575 13742 13781
13576 13766 13794
13616 13794 13827
13624 13827 13843
13640 13839 13891
13647 13882 13923
13669 13913 13971
13673 13933 13987
13686 13945 13991
13700 13955 14012
13715 13996 14016
13744 14009 14059
13763 14026 14077
13767 14041 14104
13775 14088 14131
13776 14127 14175
13785 14175 14216
13794 14216 14237
13802 14237 14252
13848 14252 14299
13868 14282 14318
13879 14317 14348
13884 14348 14366
13903 14366 14396
13947 14396 14440
13970 14422 14467
13976 14456 14488
14023 14484 14534
14046 14489 14573
14059 14499 14601
14092 14534 14631
14107 14559 14655
14135 14583 14671
14163 14631 14683
14208 14668 14712
14227 14707 14741
14260 14735 14775
14277 14775 14806
14309 14806 14836
14334 14807 14882
14362 14811 14886
14389 14843 14898
14390 14862 14909
14437 14883 14957
14442 14888 14978
14483 14890 14996
14489 14897 15026
14525 14943 15029
14557 14948 15042
14598 14993 15073
14604 15039 15108
14627 15080 15151
14633 15118 15175
14643 15130 15197
14667 15177 15231
14704 15212 15256
14733 15242 15303
14742 15286 15314
14775 15314 15353
14789 15322 15354
14799 15324 15399
14838 15365 15409
14862 15376 15438
14910 15412 15459
14915 15449 15481
14948 15481 15529
14985 15529 15566
14994 15566 15610
14998 15610 15656
15019 15656 15692
15063 15671 15711
15071 15709 15754
15085 15754 15800
15119 15800 15829
15125 15829 15838
15137 15834 15876
15162 15876 15907
15170 15906 15937
15177 15937 15962
15211 15950 15977
15238 15959 16007
15241 16000 16047
15265 16049 16092
15307 16092 16139
15318 16150 16180
15321 16191 16229
15334 16179 16191
15336 16222 16263
15352 16237 16288
15374 16143 16150
15421 16259 16325
15461 16271 16360
15477 16286 16402
15504 16303 16409
15523 16338 16411
15534 16378 16412
15535 16412 16437
15551 16437 16483
15566 16463 16491
15576 16509 17192
15602 17031 17302
15606 16571 16630
15617 17027 17042
15651 16041 16492
15685 16558 16563
15705 16619 16644
15718 16643 16689
15753 16657 16708
15800 16047 16097
15833 16704 16738
15859 24753 24795
15902 16712 16794
15942 16727 16814
15950 16741 16779
15977 16491 16861
16001 16745 16907
16003 16769 17811
16010 16809 17049
16015 16857 16943
16040 16903 16959
16077 16920 17562
16090 16568 16693
16137 16930 17138
16182 16940 24629
16206 16497 16984
16216 16984 17002
16263 16563 16584
16280 16996 17016
16311 17042 17073
16337 17068 17174
16349 16498 16532
16370 17105 17231
16373 17120 17346
16418 17138 17349
16446 17171 17397
16485 17198 17274
16526 17246 17430
16543 17266 17437
16549 17301 17444
16570 17332 17479
16594 17353 17516
16631 17399 17529
16679 17012 17085
16725 17018 17121
16764 17416 17610
16803 17428 17647
16820 17475 17670
16836 17501 17675
16864 17535 17703
16885 17577 17706
16933 17611 17727
16976 17636 17768
17021 17671 17784
17052 17676 17849
17070 17721 17870
17114 17752 17905
17148 17794 17943
17151 17820 17970
17197 17842 17987
17198 17851 18007
17246 17881 18017
17292 17885 18059
17319 17902 18063
17361 17937 18079
17407 17970 18102
17440 17971 18126
17456 18006 18134
17493 18047 18175
17527 18089 18180
17535 18117 18220
17553 18132 18260
17554 18173 18262
17558 18201 18279
17561 18220 18292
17570 18231 18322
17581 18262 18334
17590 18289 18371
17622 18307 18413
17648 18350 18435
17651 18388 18462
17675 18401 18505
17689 18406 18537
17733 18426 18561
17756 18470 18562
17796 18475 18607
17807 18516 18609
17846 18557 18626
17883 18570 18658
17898 18579 18680
17904 18606 18699
17952 18638 18741
17980 18660 18753
17983 18688 18770
18028 18733 18780
18041 18726 18775
18083 18778 18825
18110 18798 18849
18157 18806 18860
18179 18729 18882
18226 18811 18898
18240 18816 18904
18249 18829 18927
18297 18872 18974
18321 18730 19004
18355 18884 19041
18383 18901 19085
18418 18922 19104
18437 18938 19139
18451 18972 19186
18488 19004 19199
18493 19043 19242
18525 19086 19289
18548 19126 19337
18550 19135 19379
18578 19141 19397
18623 19149 19420
18644 19173 19437
18662 19195 19462
18677 19233 19465
18702 19253 19509
18748 19277 19554
18752 19281 19579
18756 19308 19604
18789 19336 19605
18798 19347 19636
18821 19380 19651
18838 19390 19665
18843 19418 19674
18854 19425 19707
18893 19433 19720
18908 19472 19748
18927 19489 19754
18972 19537 19767
18994 19574 19804
19011 19614 19849
19036 19653 19875
19055 19663 19906
19086 19702 19948
19087 19750 19993
19109 19792 20033
19130 19833 20081
19133 19872 20111
19168 19892 20149
19176 19916 20151
19184 19951 20194
19200 19972 20230
19230 19997 20233
19261 20041 20277
19266 20085 20304
19301 20128 20350
19342 20131 20395
19381 20134 20418
19397 20142 20444
19410 20181 20458
19420 20219 20489
19437 20245 20527
19454 20288 20562
19480 20292 20602
19488 20331 20606
19514 20376 20649
19544 20403 20664
19587 20435 20710
19613 20478 20733
19630 20487 20758
19675 20515 20785
19687 20522 20819
19692 20559 20821
19712 20601 20856
19750 20634 20871
19795 20655 20877
19843 20683 20892
19846 20727 20935
19876 20744 20942
19920 20751 20972
19923 20785 21012
19965 20798 21016
20009 20813 21029
20049 20854 21056
20083 20882 21081
20109 20906 21112
20116 20954 21156
20131 20979 21189
20169 21027 21217
20185 21070 21233
20205 21078 21263
20237 21111 21297
20256 21144 21309
20267 21177 21317
20311 21188 21330
20320 21236 21377
20354 21257 21395
20364 21296 21468
20399 21343 21439
20407 21344 21504
20446 21390 21529
20488 21432 21541
20521 21456 21556
20550 21457 21584
20593 21476 21613
20604 21498 21625
20616 21508 21663
20621 21552 21680
20656 21559 21702
20682 21598 21731
20724 21607 21736
20756 21638 21899
20793 21654 21764
20832 21697 21767
20866 21740 21804
20909 21778 21822
20934 21810 24921
20982 21824 21861
21009 21828 21864
21046 21859 21900
21067 21873 21934
21103 21900 21941
21114 21908 21965
21128 21929 21985
21143 21942 22000
21159 21958 22026
21200 21986 22056
21202 21990 22077
21247 21993 22099
21283 22034 22142
21309 22038 22174
21342 22048 22216
21365 22083 22250
21394 22086 22279
21417 22123 22288
21458 22158 22294
21461 22191 22340
21504 22233 22358
21540 22268 22361
21548 22295 22371
21571 22299 22391
21583 22310 22437
21591 22328 22446
21621 22360 22455
21647 22390 22503
21662 22408 22505
21673 22432 22509
21698 22460 22547
21700 22497 22558
21733 22524 22575
21751 22549 22608
21773 22562 22628
21811 22591 22659
21813 22611 22704
21818 22636 22712
21840 22652 22732
21885 22678 22772
21900 22702 22814
21925 22715 22835
21930 22748 22876
21958 22749 22908
21982 22769 22948
22002 22778 22950
22021 22790 22956
22047 22797 22989
22074 22834 23017
22089 22868 23043
22136 22882 23073
22150 22930 23079
22188 22937 23119
22234 22949 23158
22272 22984 23160
22319 23017 23185
22344 23056 23230
22385 23068 23233
22408 23093 23270
22410 23122 23291
22442 23123 23338
22448 23129 23348
22465 23155 23358
22479 23197 23395
22491 23230 23442
22519 23277 23479
22521 23298 23514
22564 23342 23516
22574 23379 23550
22607 23422 23597
22647 23442 23632
22660 23465 23672
22685 23489 23680
22696 23536 23683
22715 23574 23695
22760 23607 23728
22767 23630 23765
22768 23645 23792
22784 23651 23825
22815 23664 23864
22850 23679 23890
22892 23695 23924
22939 23696 23960
22951 23743 23996
22995 23756 24023
23006 23778 24040
23035 23798 24048
23059 23812 24052
23107 23855 24062
23152 23877 24098
23178 23903 24129
23222 23947 24162
23251 23955 24188
23287 23975 24226
23306 23992 24238
23319 24023 24244
23321 24071 24289
23361 24108 24337
23384 24144 24338
23401 24171 24350
23430 24201 24355
23477 24246 24400
23498 24263 24432
23546 24300 24446
23591 24317 24483
23622 24318 24490
23665 24322 24503
23681 24338 24543
23682 24373 24558
23698 24378 24584
23738 24403 24610
23761 24405 24658
23767 24407 24873
23790 24421 24761
23800 24466 24786
23812 24497 24747
23840 24540 24805
23867 24556 24807
23883 24601 24681
23920 24645 24835
23953 24669 24719
