35610
50 89 137
28815 28864 35476
89 137 181
112 181 230
153 206 270
187 248 313
230 296 355
273 341 380
320 373 418
341 399 443
372 442 492
417 464 519
453 499 566
499 549 587
549 589 619
589 617 645
613 655 676
655 704 746
704 752 796
752 799 843
799 843 888
833 874 913
874 922 961
922 964 997
964 987 1026
985 1018 1067
1012 1067 1098
1046 1088 1140
1088 1119 1187
1112 1157 1210
1137 1187 1234
1164 1210 1279
1198 1259 1311
1228 1286 1333
1265 1333 1382
1297 1382 1413
1332 1409 1458
1355 1458 1494
1405 1479 1528
1453 1528 1553
1501 1553 1594
1551 1588 1624
1588 1633 1667
1633 1676 1716
1676 1711 1753
1705 1753 1793
1745 1793 1837
1784 1837 1884
1830 1869 1909
1869 1891 1948
1891 1926 1979
1923 1952 2014
1952 1999 2058
1999 2049 2094
2021 2090 2123
2046 2123 2156
2085 2152 2184
2117 2180 2234
2161 2203 2260
2184 2238 2291
2205 2268 2327
2240 2291 2371
2275 2337 2404
2319 2368 2433
2341 2388 2459
2371 2438 2506
2399 2459 2553
2429 2483 2584
2479 2513 2610
2508 2544 2640
2544 2584 2690
2578 2625 2729
2625 2671 2756
2671 2715 2806
2711 2762 2848
2755 2802 2869
2802 2846 2915
2842 2885 2940
2885 2932 2976
2932 2976 3012
2966 3007 3058
2994 3045 3104
3038 3067 3129
3061 3106 3159
3106 3154 3192
3140 3192 3216
3182 3226 3248
3226 3251 3284
3251 3278 3328
3278 3316 3376
3308 3357 3416
3357 3395 3442
3387 3442 3475
3430 3471 3506
3461 3506 3556
3501 3556 3600
3544 3600 3637
3564 3628 3663
3596 3656 3712
3634 3697 3762
3667 3737 3812
3697 3764 3859
3732 3804 3880
3753 3851 3908
3781 3882 3958
3802 3912 3996
3850 3933 4016
3872 3972 4064
3921 4005 4102
3950 4044 4143
3975 4064 4167
4009 4112 4195
4048 4149 4238
4087 4191 4279
4116 4215 4308
4136 4243 4351
4172 4281 4396
4216 4323 4444
4241 4367 4479
4282 4411 4507
4320 4441 4531
4354 4491 4576
4390 4511 4616
4425 4532 4648
4451 4580 4678
4491 4629 4700
4538 4671 4736
4560 4702 4784
4588 4738 4806
4616 4785 4855
4656 4835 4890
4684 4874 4932
4712 4906 4965
4754 4953 4993
4790 4977 5024
4832 5024 5055
4869 5046 5080
4912 5071 5117
4955 5095 5142
4992 5136 5185
5024 5160 5227
5073 5190 5274
5096 5227 5303
5136 5260 5334
5181 5298 5378
5205 5325 5403
5252 5369 5433
5292 5418 5481
5321 5461 5522
5368 5505 5552
5397 5550 5578
5432 5576 5605
5472 5605 5642
5509 5642 5683
5559 5683 5729
5579 5707 5765
5620 5734 5811
5667 5764 5852
5703 5798 5885
5729 5839 5917
5773 5873 5946
5803 5908 5968
5848 5939 6018
5893 5967 6051
5917 6007 6093
5967 6051 6114
6010 6092 6153
6040 6127 6186
6073 6172 6217
6117 6194 6256
6160 9513 9562
6191 6234 6277
6225 6275 6312
6253 6312 6345
6274 6345 6376
6306 6369 6401
6352 6398 6444
6380 6424 6473
6409 6454 6522
6444 6491 6562
6491 6536 6596
6535 6583 6624
6567 6624 6672
6595 6672 6694
6615 6692 6731
6657 6730 6752
6681 6752 6793
6713 6780 6814
6751 6809 6835
6800 6834 6882
6824 6857 6924
6844 6907 6949
6887 6946 6988
6919 6988 7020
6961 7019 7054
7010 7054 7093
7032 7093 7131
7067 7131 7178
7104 7170 7208
7145 7208 7253
7186 7253 7295
7216 7286 7343
7236 7314 7384
7285 7362 7412
7322 7393 7435
7366 7419 7457
7412 7457 7500
7437 7500 7533
7475 7533 7581
7502 7581 7624
7544 7624 7658
7570 7650 7688
7619 7684 7728
7649 7713 7771
7691 7761 7816
7728 7798 7860
7759 7834 7898
7804 7873 7938
7854 7894 7978
7874 7914 8012
7904 7958 8033
7928 8007 8083
7951 8053 8124
7978 8096 8144
8009 8116 8181
8058 8156 8210
8099 8199 8240
8136 8231 8269
8156 8269 8306
8184 8304 8339
5 12 15
8225 8336 8380
8260 8380 8428
8288 8413 8461
8311 8450 8498
8354 8498 8538
8395 8538 8582
8437 8582 8624
8485 8605 8672
8522 8631 8710
8551 8665 8741
8573 8694 8776
8607 8722 8821
8645 8753 8843
8668 8790 8866
8702 8812 8904
8734 8849 8947
8758 8891 8984
8796 8939 9027
8826 8976 9069
8862 9014 9102
8887 9059 9136
8923 9105 9168
8965 9128 9190
9004 9166 9223
9031 9190 9252
9076 9235 9275
9113 9265 9315
9145 9335 9385
9171 9385 9415
9193 9411 9445
9218 9440 9480
9267 9315 9341
9300 9480 9524
32486 35393 35573
9324 9545 9611
9351 9578 9640
9393 9616 9683
9414 9659 9716
9460 9698 9747
9505 9747 9795
9546 9795 9840
9578 9817 9874
9606 9854 9913
9633 9893 9941
9672 9941 9989
9708 9964 10012
9750 10007 10060
9786 10032 10093
9830 10063 10114
9856 10107 10142
9903 10162 10212
9940 10224 10288
9973 10273 10332
10009 10311 10381
10051 10355 10427
10077 10381 10454
10142 10195 10252
10182 10419 10482
10228 10451 10523
10262 10472 10554
10306 10506 10599
10327 10532 10630
10360 10578 10655
10391 10618 10679
10439 10657 10706
10482 10685 10754
10517 10717 10794
10544 10752 10837
10582 10799 10874
10623 10838 10898
10658 10881 10933
10706 10943 11002
10737 10995 11038
10780 10921 10967
10826 11030 11083
10851 11063 11130
10878 11108 11163
10912 11152 11202
10949 11174 11230
10969 11201 11280
11014 11224 11300
11060 11254 11326
11086 11285 11356
11136 11311 11400
11172 11348 11446
11221 11374 11476
11241 11417 11513
11276 11466 11536
11322 11490 11565
11369 11521 11600
11410 11557 11641
11437 11580 11691
11484 11629 11738
11534 11667 11780
11561 11717 11820
11601 11740 11867
11622 11772 11901
11648 11810 11932
11678 11831 11975
11702 11865 12019
11725 11887 12055
11762 11918 12090
11802 11944 12126
11830 11969 12169
11865 12016 12204
11910 12057 12231
11930 12102 12271
11970 12135 12298
11996 12163 12348
12046 12211 12387
12092 12256 12416
12141 12300 12456
12170 12349 12504
12214 12371 12554
12242 12414 12594
12283 12439 12619
12313 12461 12661
12347 12487 12682
12397 12518 12729
12431 12560 12768
12463 12603 12788
12498 12650 12823
12540 12684 12851
12568 12727 12886
12608 12758 12925
12640 12778 12961
12673 12814 13007
12699 12854 13032
12737 12874 13061
12770 12908 13103
12806 12935 13143
12852 12972 13178
12894 13003 13202
12926 13045 13252
12968 13079 13294
13007 13121 13322
13045 13170 13371
13070 13205 13393
13100 13237 13415
13143 13269 13457
13191 13313 13507
13230 13347 13549
13272 13384 13584
13298 13426 13609
13342 13457 13655
13383 13486 13698
13418 13508 13731
13440 13541 13766
13463 13579 13805
13513 13610 13840
13561 13643 13889
13591 13688 13912
13628 13732 13950
13650 13759 13989
13683 13800 14023
13718 13840 14055
13749 13873 14090
13776 13898 14129
13797 13925 14154
13821 13952 14198
13850 13995 14247
13879 14037 14269
13923 14079 14301
13943 14126 14334
13971 14156 14355
13994 14203 14400
14039 14233 14420
14071 14254 14454
14113 14276 14478
14135 14299 14516
14177 14338 14541
14224 14370 14562
14268 14414 14592
14310 14449 14636
14350 14472 14676
14372 14514 14698
14394 14555 14722
14439 14600 14769
14465 14626 14794
14514 14675 14839
14536 14707 14888
14576 14745 14924
14610 14790 14945
10118 10142 10164
14637 14825 14988
14681 14845 15030
14 17 21
14703 14887 15076
14733 14918 15111
14767 14940 15146
14803 14973 15167
14828 14994 15194
14862 15025 15222
14909 15070 15252
14954 15101 15293
14988 15132 15330
15016 15158 15366
15062 15178 15393
15107 15217 15431
15139 15247 15476
15172 15270 15503
15209 15290 15552
15237 15315 15582
15283 15364 15615
15332 15397 15651
15355 15439 15695
15400 15489 15715
15431 15521 15750
15451 15542 15795
15475 15585 15837
15500 15626 15872
15543 15668 15894
15587 15704 15927
15624 15752 15973
15670 15782 16022
15698 15815 16066
15734 15858 16111
15780 15901 16141
15827 15940 16183
15860 15961 16217
15883 15996 16263
15912 16017 16304
15954 16044 16324
15975 16087 16357
16010 16133 16391
16058 16177 16426
16088 16222 16453
16136 16270 16479
16182 16318 16525
16203 16344 16554
16250 16370 16599
16271 16420 16645
16303 16443 16678
16326 16471 16711
16369 16515 16746
16392 16541 16791
16418 16585 16820
16443 16617 16847
16478 16645 16891
16517 16670 16917
16549 16708 16966
16583 16753 17008
16621 16794 17055
16671 16825 17104
16702 16860 17153
16722 16886 17189
16751 16912 17221
16800 16948 17252
16835 16988 17280
16863 17035 17303
16906 17069 17338
16939 17094 17380
16959 17143 17421
16994 17163 17448
17019 17192 17472
17050 17216 17495
17076 17258 17544
17114 17279 17567
17139 17312 17611
17172 17352 17652
17202 17397 17700
17245 17434 17731
17291 17468 17767
17337 17510 17799
17365 17555 17844
17400 17585 17882
17449 17621 17921
17493 17656 17968
17533 17682 18000
17583 17706 18029
17626 17749 18060
17649 17779 18107
17676 17808 18148
17717 17838 18194
17763 17863 18233
17794 17899 18283
17820 17922 18317
17856 17955 18349
17892 17980 18399
17941 18020 18426
17970 18041 18473
17994 18076 18519
18038 18105 18569
18065 18137 18594
18106 18163 18619
18142 18192 18643
18163 18215 18669
18202 18264 18705
18238 18313 18727
18283 18345 18750
18307 18392 18791
18336 18429 18821
18362 18473 18864
18388 18522 18910
18428 18543 18932
18464 18573 18972
18485 18612 19002
18524 18640 19032
18558 18660 19074
18583 18685 19099
18612 18729 19146
18645 18762 19170
18681 18809 19214
18710 18842 19249
18752 18883 19294
18774 18924 19340
18804 18955 19390
18825 18979 19429
18861 19000 19454
18908 19049 19479
18939 19074 19517
18973 19114 19560
19007 19159 19589
19027 19185 19619
19073 19223 19644
19121 19245 19665
19163 19288 19701
19211 19313 19722
19245 19353 19753
19289 19389 19796
19339 19435 19817
19380 19472 19843
19421 19512 19866
19466 19545 19898
19504 19566 19945
19532 19594 19981
19557 19639 20011
19594 19681 20044
19618 19724 20080
19666 19753 20124
19704 19779 20151
19736 19824 20201
19786 19873 20231
19831 19903 20281
19876 19934 20326
19919 19956 20376
19949 20003 20399
19991 20031 20431
20031 20074 20466
20074 20103 20496
20100 20138 20524
20121 20169 20570
20169 20212 20615
20212 20260 20658
20241 20283 20678
20281 20328 20702
20320 20364 20749
20342 20392 20773
20392 20439 20804
20427 20475 20843
20475 20507 20883
20507 20541 20910
20528 20588 20945
20566 20633 20970
20606 20683 20993
20638 20719 21029
20674 20744 21079
20703 20770 21118
20732 20806 21152
20764 20830 21174
20788 20876 21194
20826 20916 21220
20865 20956 21244
20907 20994 21277
20944 21027 21307
20971 21062 21328
21003 21093 21351
21045 21127 21372
21077 21157 21405
21119 21204 21441
21157 21242 21463
21184 21283 21492
21221 21320 21533
21241 21366 21573
21270 21409 21616
21319 21434 21646
21366 21458 21693
21407 21492 21726
21447 21537 21759
21496 21587 21807
21535 21610 21835
21573 21643 21883
21599 21692 21931
21620 21734 21955
21667 21778 21976
21697 21808 22020
21724 21851 22054
21764 21885 22097
21785 21909 22137
21820 21934 22163
21860 21983 22212
21882 22020 22245
21926 22047 22282
21976 22088 22304
22002 22109 22351
22039 22157 22398
22064 22187 22433
22087 22208 22477
22129 22242 22527
22162 22262 22575
22187 22288 22623
22237 22333 22672
22286 22378 22710
22313 22426 22749
22344 22464 22797
22382 22495 22826
22413 22538 22865
22460 22588 22890
22486 22614 22931
22517 22644 22969
22542 22685 22993
22566 22705 23018
22601 22728 23044
22648 22773 23088
22690 22822 23138
22731 22871 23181
22771 22912 23219
22791 22946 23242
22822 22996 23266
22850 23039 23313
22888 23088 23348
22915 23131 23376
22955 23162 23398
22977 23198 23443
23014 23246 23482
23047 23277 23504
23090 23315 23536
23137 23348 23571
23164 23378 23613
23200 23423 23659
23247 23473 23699
23279 23523 23744
23323 23543 23785
23369 23570 23829
23411 23612 23854
23436 23648 23878
23484 23681 23912
23522 23701 23945
23543 23729 23991
23565 23773 24029
23600 23803 24068
23647 23832 24110
23687 23877 24133
23729 23927 24157
23772 23962 24178
23798 23988 24220
23843 24017 24245
23879 24061 24284
23922 24086 24325
23957 24130 24356
23994 24150 24404
24040 24196 24437
24088 24246 24464
24133 24296 24495
24156 24330 24529
24189 24378 24562
24233 24404 24612
24255 24431 24635
24282 24460 24676
24326 24488 24713
24376 24534 24738
24405 24584 24788
24455 24619 24828
25 31 38
24498 24648 24865
24543 24679 24885
24568 24723 24920
24593 24753 24940
24625 24787 24974
24663 24812 25000
24695 24836 25029
24717 24871 25060
24741 24894 25102
24761 24920 25135
24784 24946 25158
24832 24990 25178
24874 25026 25211
24908 25057 25244
24931 25082 25273
24958 25110 25315
24998 25151 25335
25038 25174 25369
25066 25205 25405
25107 25225 25436
25142 25268 25484
25181 25294 25532
25223 25337 25564
25257 25379 25587
25292 25400 25611
25327 25441 25640
25366 25467 25669
25401 25501 25708
25442 25543 25742
25484 25590 25769
25504 25613 25811
25542 25634 25857
25574 25678 25879
25599 25716 25901
25642 25759 25949
25668 25795 25992
25714 25815 26022
25759 25844 26065
25800 25886 26110
25838 25912 26140
25860 25957 26177
25881 25996 26220
25926 26024 26260
25962 26074 26285
25999 26111 26335
26025 26146 26361
26053 26171 26402
26087 26204 26439
26133 26237 26467
26157 26258 26510
26203 26304 26557
26237 26353 26605
26270 26400 26654
26309 26444 26678
26359 26482 26724
26391 26513 26771
26431 26545 26810
26452 26581 26838
26479 26612 26867
26522 26649 26917
26548 26679 26942
26588 26700 26966
26619 26730 27009
26639 26756 27040
26678 26777 27082
26728 26821 27111
26758 26842 27149
26790 26886 27197
26826 26920 27245
26873 26954 27289
26899 26977 27326
26940 27005 27360
26976 27032 27389
27013 27081 27426
27038 27120 27469
27072 27164 27500
27096 27196 27521
27138 27235 27545
27187 27260 27592
27227 27290 27620
27270 27337 27665
27295 27362 27709
27335 27394 27749
27375 27437 27769
27423 27471 27798
27446 27498 27822
27478 27546 27844
27525 27570 27873
27570 27618 27920
27599 27645 27964
27645 27686 27999
27686 27721 28020
27721 27755 28062
27743 27792 28112
27792 27822 28162
27822 27869 28207
27869 27907 28242
27901 27950 28269
27950 27981 28303
27977 28013 28332
28013 28054 28372
28054 28094 28399
28094 28137 28432
28137 28170 28480
28170 28219 28527
28191 28244 28571
28222 28285 28599
28265 28311 28649
28305 28356 28696
28336 28392 28719
28373 28417 28750
28405 28450 28787
28450 28493 28814
28484 28529 28840
28529 28572 28867
28551 28601 28893
28589 28630 28943
28621 28667 28964
28667 28705 29002
28696 28743 29023
28733 28782 29060
28773 28817 29108
28864 28900 29149
28892 28950 29182
28923 28982 29208
28944 29006 29232
28964 29039 29257
29009 29078 29277
29043 29124 29315
29075 29155 29339
29096 29189 29380
29120 29229 29413
29162 29256 29450
29196 29303 29497
29245 29350 29538
29268 29375 29576
29293 29419 29618
29328 29443 29647
29351 29470 29681
29401 29493 29725
29432 29535 29746
29473 29574 29783
29520 29623 29825
29561 29662 29872
29595 29709 29902
29641 29759 29939
29686 29784 29974
29730 29805 30011
29778 29844 30032
29804 29894 30071
29833 29944 30095
29865 29985 30141
29894 30030 30189
29928 30064 30211
29953 30109 30253
29980 30154 30278
30021 30195 30302
30052 30237 30338
30087 30282 30369
30121 30304 30412
30157 30324 30435
30181 30349 30483
30227 30389 30510
30269 30435 30546
30296 30464 30591
30327 30497 30630
30375 30525 30665
30412 30558 30693
30448 30597 30737
30496 30636 30765
30534 30670 30806
30559 30694 30846
30586 30741 30875
30621 30761 30911
30646 30803 30957
30678 30848 30977
30708 30881 31024
30757 30921 31057
30779 30961 31083
30829 31010 31118
30856 31056 31148
30901 31087 31198
30937 31118 31227
30970 31144 31253
31002 31192 31290
31032 31231 31340
31056 31254 31384
31082 31300 31425
31106 31335 31450
31155 31379 31472
31202 31413 31513
31229 31442 31555
31269 31466 31592
31312 31507 31616
31353 31554 31664
31373 31597 31690
31413 31629 31729
31438 31673 31772
31470 31707 31794
31499 31743 31834
31528 31785 31883
31567 31807 31905
31606 31837 31934
31652 31863 31963
31702 31884 31989
31735 31910 32024
31771 31948 32050
31799 31978 32086
31833 32024 32118
31867 32056 32139
31902 32083 32186
31949 32130 32211
31985 32165 32247
32015 32213 32271
32035 32237 32311
32083 32264 32331
32118 32312 32375
32162 32359 32419
32187 32401 32443
32236 32432 32472
32259 32470 32507
32296 32526 32580
32330 32568 32629
32378 32607 32664
32401 32643 32698
32444 32499 32538
32518 32682 32732
32558 32703 32757
32589 32750 32807
32634 32772 32839
32676 32798 32878
32710 32843 32917
32742 32890 32946
32784 32938 32994
32814 32985 33042
32859 33015 33089
32898 33038 33135
32924 33068 33169
32967 33111 33193
33016 33144 33233
33036 33171 33264
33080 33192 33286
33114 33231 33328
33149 33256 33369
33184 33300 33390
33209 33325 33424
33239 33364 33449
33286 33397 33479
33323 33440 33521
33369 33485 33550
33408 33522 33571
33437 33569 33609
33478 33597 33647
33505 33632 33687
33552 33679 33735
33599 33707 33760
33631 33767 33836
33657 33812 33875
33683 33851 33909
33719 33745 33786
33743 33893 33931
33777 33981 34026
33822 33921 33964
33844 33950 33990
33868 34050 34093
33901 34093 34136
33946 34026 34050
33974 34127 34172
33996 34159 34200
34032 34185 34230
34052 34222 34275
34080 34255 34303
34109 34301 34349
34148 34333 34388
34170 34368 34436
34196 34394 34466
34240 34414 34494
34280 34446 34514
34309 34490 34551
34337 34521 34583
34379 34561 34622
34419 34581 34670
34439 34626 34719
34468 34673 34763
34502 34701 34792
34550 34750 34838
34574 34779 34886
34594 34829 34913
34642 34858 34957
34666 34888 35004
34686 34933 35034
34715 34972 35084
34765 35017 35121
34803 35054 35146
34851 35080 35194
34896 35117 35228
34928 35158 35256
34953 35199 35294
34987 35229 35325
35030 35262 35367
35062 35292 35402
35099 35313 35448
35120 35340 35497
35148 35367 35524
