22659
34 1183 1554
35 84 129
84 129 145
110 145 152
126 174 207
174 207 214
204 250 276
250 276 295
270 297 319
6 18 20
297 328 341
328 341 389
334 389 431
18 431 474
345 474 498
351 476 546
400 489 552
438 536 593
453 576 637
497 622 659
3 45 683
523 632 729
573 637 733
617 643 777
627 682 804
4 5 67
670 725 810
675 732 829
710 781 849
743 801 864
754 806 892
776 822 911
795 839 957
823 881 1002
845 894 1039
891 941 1047
932 976 1053
957 1003 1094
25 16693 16734
997 1053 1127
1003 1065 1133
1014 1103 1173
1061 1123 1201
1080 1135 1220
1120 1170 1239
1170 1218 1288
1217 1250 1310
1250 1296 1322
1296 1332 1368
1332 1367 1399
1353 1379 1434
1373 1411 1482
26 152 250
1411 1458 1507
1458 1507 1541
1473 1541 1589
1508 1589 1631
1541 1631 1672
1544 1672 1711
1570 1698 1737
1620 1722 1744
1643 1724 1793
1675 1745 1832
1708 1764 1835
1736 1799 1858
1747 1828 1881
1777 1853 1928
1791 1886 1959
1837 1900 2007
30 35 89
1870 1950 2028
1891 1951 2039
1928 2000 2058
1936 2037 2091
1941 2072 2126
1990 2120 2139
2003 2139 2174
2022 2174 2222
2058 2222 2229
2093 2229 2260
2132 2260 2276
2135 2276 2305
2163 2305 2344
2206 2344 2385
2227 2358 2429
2253 2408 2449
2270 2419 2495
2299 2447 2527
2316 2471 2569
2358 2511 2609
2369 2513 2618
2380 2539 2625
2388 2580 2668
2391 2595 2672
2435 2631 2683
2439 2674 2727
2467 2685 2753
2469 2718 2779
2510 2756 2792
2522 2792 2816
2561 2816 2854
2593 2838 2875
2631 2875 2895
2676 2895 2914
2681 2908 2957
2725 2953 3000
2754 2955 3045
2756 2979 3060
2768 3013 3102
2811 3041 3126
2828 3088 3167
2843 3127 3205
2857 3163 3217
2866 3168 3237
2903 3180 3268
2919 3203 3286
2941 3215 3298
2978 3241 3302
2991 3278 3340
3011 3305 3387
3052 3310 3400
3091 3344 3420
3094 3383 3426
3123 3402 3447
3166 3439 3495
3192 3480 3532
3204 3498 3571
3245 3545 3608
3295 3564 3627
3307 3605 3638
3312 3615 3688
3331 3640 3707
3368 3677 3747
3378 3691 3771
3380 3699 3796
3398 3730 3842
33 3767 3866
3422 3816 3894
3452 3835 3919
3482 3861 3960
3509 3879 3978
3517 3909 4020
3555 3923 4032
3578 3966 4071
3600 4004 4080
3641 4027 4094
3667 4063 4106
3672 4084 4113
3686 4109 4161
3690 4123 4173
3734 4126 4197
3759 4166 4220
3791 4211 4236
3836 4217 4251
3873 4251 4282
3905 4282 4324
3954 4324 4355
3960 4355 4402
3969 4402 4450
4004 4434 4499
4027 4475 4536
4075 4518 4575
4083 4558 4599
4093 4599 4628
4100 4628 4648
4134 4631 4681
4135 4673 4722
4148 4722 4742
4181 4725 4749
4192 4749 4787
17192 17250 19972
4212 4786 4800
4254 4800 4838
4302 4825 4850
4325 4837 4873
4347 4873 4916
4394 4916 4932
4441 4932 4982
4468 4955 5015
4493 4970 5044
4516 5014 5073
4552 5016 5088
4588 5031 5103
4596 5057 5131
4610 5107 5156
4625 5156 5184
4652 5184 5232
4695 5186 5279
4720 5200 5326
5 20 64
4740 5218 5368
4775 5220 5388
4804 5232 5423
4842 5256 5426
4856 5281 5465
4864 5310 5485
4888 5344 5519
4903 5357 5553
4905 5360 5592
4953 5403 5627
4955 5450 5675
4964 5451 5719
4972 5487 5726
4998 5523 5758
5019 5546 5780
5062 5575 5801
5096 5594 5848
5126 5602 5856
5151 5609 5901
5178 5619 5941
5184 5640 5964
5209 5665 5981
5249 5710 6028
5298 5745 6046
5323 5751 6088
5333 5753 6130
5338 5788 6143
5364 5809 6153
5407 5830 6186
5409 5877 6192
5448 5906 6196
5468 5922 6239
5513 5961 6287
5532 6007 6290
5541 6049 6337
5580 6092 6365
5630 6100 6393
5653 6126 6441
5662 6163 6465
5682 6203 6471
5707 6252 6475
5745 6259 6503
5768 6298 6552
5778 6323 6581
5796 6362 6605
5808 6376 6636
5835 6381 6645
5864 6413 6688
5902 6415 6701
5947 6443 6709
5989 6464 6749
5996 6502 6797
5999 6530 6835
6049 6580 6877
6073 6597 6879
6074 6640 6916
6121 6680 6922
6143 6702 6952
6177 6712 7000
6201 6735 7037
6250 6761 7082
6292 6776 7106
6319 6779 7147
6355 6827 7189
6401 6869 7223
6411 6912 7244
6461 6921 7261
6472 6927 7278
6503 6967 7280
6553 6983 7298
6584 7020 7310
6591 7059 7331
6615 7100 7373
6641 7137 7384
6683 7176 7391
6724 7219 7423
6756 7222 7455
6766 7249 7487
6780 7263 7523
6829 7299 7546
6837 7333 7592
6875 7355 7635
6886 7376 7670
6909 7400 7696
6912 7440 7705
6956 7474 7714
6978 7519 7736
6992 7530 7745
6993 7533 7782
7023 7564 7830
7057 7572 7869
7068 7614 7881
7107 7659 7886
7134 7674 7911
7178 7695 7951
7228 7706 7974
7260 7735 7987
7273 7740 7996
7275 7764 8019
7305 7779 8063
7321 7807 8077
7359 7836 8096
7368 7843 8128
7391 7846 8174
7419 7887 8202
7438 7928 8233
7481 7929 8250
7493 7941 8266
7512 7944 8305
7516 7994 8316
7518 8020 8359
7560 8062 8409
7605 8088 8430
7614 8125 8436
7642 8159 8451
7691 8174 8483
7705 8192 8489
7733 8213 8523
7746 8227 8536
7760 8231 8538
7789 8261 8584
7813 8262 8602
7841 8267 8603
7864 8306 8640
7894 8314 8686
7914 8347 8699
7944 8350 8730
7954 8394 8776
7981 8402 8816
8023 8446 8850
8026 8478 8868
8064 8499 8893
8069 8538 8927
8093 8552 8931
8112 8595 8979
8127 8619 8981
8159 8666 9021
8192 8699 9066
8196 8700 9074
8244 8728 9117
8277 8735 9141
8317 8765 9144
8360 8790 9146
8383 8799 9153
8389 8803 9179
8400 8804 9194
8421 8820 9205
8450 8865 9237
8461 8873 9280
8474 8920 9306
8503 8951 9340
8526 8981 9352
8561 9027 9361
8596 9064 9366
8602 9068 9367
8603 9085 9389
8613 9108 9406
8648 9145 9414
8652 9182 9438
8655 9218 9439
8686 9230 9447
8700 9280 9465
8704 9290 9515
8750 9305 9545
8794 9330 9591
8833 9362 9598
8870 9401 9617
8877 9434 9644
8914 9443 9650
8960 9493 9667
8997 9540 9711
9036 9561 9733
9074 9591 9751
9104 9631 9752
9152 9679 9756
9161 9715 9780
9197 9750 9819
9201 9770 9832
9228 9818 9869
9239 9857 9911
9288 9864 9947
9327 9889 9992
9370 9908 10031
9416 9953 10049
9439 9968 10066
9471 9995 10110
9497 10030 10134
9546 10080 10152
9594 10129 10178
9615 10142 10212
9657 10190 10216
9692 10203 10235
9722 10205 10282
9757 10246 10320
9801 10271 10348
9808 10280 10365
9838 10313 10394
9854 10353 10408
9883 10385 10436
9905 10417 10471
9908 10423 10503
9920 10446 10525
9935 10472 10556
9954 10496 10573
9974 10536 10592
9976 10572 10617
10017 10592 10628
10033 10628 10670
10065 10655 10704
10105 10681 10728
10131 10728 10754
10137 10754 10774
10179 10774 10807
10224 10787 10839
10255 10805 10889
10271 10847 10937
10295 10867 10957
10304 10888 11004
10322 10935 11028
10335 10976 11074
10339 11018 11104
10355 11048 11133
10383 11054 11161
10397 11072 11203
10445 11120 11229
10474 11157 11234
10483 11175 11256
10517 11220 11294
10566 11257 11343
10589 11295 11356
10636 11296 11383
10677 11312 11395
10722 11313 11404
10736 11326 11406
10755 11364 11433
10771 11410 11440
10776 11436 11466
10779 11466 11501
10803 11498 11539
10816 11539 11589
10827 11585 11593
10832 11592 11641
10844 11641 11666
10862 11652 11669
10901 11653 11688
10904 11688 11711
10936 11707 11757
10966 11720 11794
11001 11740 11802
11041 11743 11846
11068 11761 11893
11103 11764 11934
11120 11803 11983
11134 11853 12003
11157 11885 12030
11161 11927 12048
11190 11928 12064
11204 11934 12082
11247 11941 12113
11251 11967 12146
11282 11976 12165
11295 11998 12193
11333 12031 12205
11336 12036 12212
11383 12062 12255
11385 12104 12290
11420 12138 12321
11437 12177 12326
11487 12184 12371
11490 12204 12401
11508 12241 12413
11518 12243 12415
11531 12256 12444
11581 12291 12452
11615 12300 12482
11632 12311 12509
11648 12360 12527
11663 12400 12564
11700 12447 12576
11738 12482 12617
11750 12497 12635
11795 12525 12643
11800 12568 12651
11832 12578 12662
11872 12582 12705
11883 12609 12727
11907 12654 12759
11936 12694 12798
11970 12714 12823
11973 12756 12826
11974 12797 12873
12008 12801 12881
12053 12807 12904
12092 12808 12916
12137 12817 12941
12164 12865 12966
12180 12890 12972
12218 12917 13021
12230 12919 13052
12263 12959 13066
12274 12988 13069
12310 13026 13085
12324 13046 13134
12373 13063 13179
12410 13100 13184
12418 13133 13219
12438 13175 13220
12479 13177 13234
12495 13205 13272
12542 13220 13302
12553 13267 13328
12596 13299 13345
12619 13302 13354
12649 13312 13365
12674 13313 13377
12694 13332 13411
12740 13350 13435
12777 13400 13453
12787 13411 13486
12802 13413 13490
12815 13449 13525
12864 13482 13528
12896 13498 13529
12940 13500 13551
12963 13543 13594
12986 13568 13623
12997 13598 13668
13010 13616 13692
13041 13661 13716
13044 13687 13735
13081 13692 13752
13131 13736 13774
13140 13774 13814
13162 13785 13828
13177 13792 13867
13223 13831 13896
13224 13836 13926
13235 13840 13968
13250 13841 13976
13290 13879 14020
13311 13929 14022
13319 13930 14026
13351 13962 14063
13357 13988 14091
13379 14020 14129
13412 14063 14177
13424 14084 14188
13437 14097 14237
13479 14117 14254
13518 14154 14276
13567 14185 14293
13569 14226 14334
13611 14247 14353
13637 14255 14375
13658 14272 14399
13704 14291 14412
13747 14299 14419
13769 14308 14424
13808 14321 14439
13849 14335 14451
13896 14347 14465
13943 14374 14471
13947 14404 14496
13948 14431 14505
13966 14450 14524
13978 14455 14536
14016 14492 14581
14039 14539 14591
14046 14586 14596
14052 14591 14603
14073 14596 14633
14087 14621 14671
14129 14671 14705
14139 14705 14743
14145 14743 14782
14166 14766 14810
14183 14805 14853
14224 14847 14854
14256 14854 14874
14273 14863 14891
14300 14866 14910
14324 14876 14939
14352 14914 14979
14392 14935 14986
14419 14959 15000
14460 14996 15022
14499 15020 15068
14515 15030 15076
14562 15066 15136
14601 15121 15165
14631 15116 15143
14659 15165 15210
14705 15173 15247
14752 15204 15272
14767 15223 15310
14795 15256 15321
14822 15302 15369
14848 15311 15382
14868 15341 15404
14884 15356 15440
14928 15361 15449
14945 15369 15488
14979 15375 15522
14993 15392 15532
15032 15400 15540
15063 15423 15558
15070 15469 15592
15117 15506 15633
15152 15549 15682
15165 15586 15705
15175 15620 15717
15181 15642 15761
15197 15685 15780
15223 15698 15806
15258 15745 15832
15283 15773 15835
15320 15806 15884
15366 15854 15913
15373 15857 15940
15423 15866 15956
15429 15892 15972
15434 15898 15993
15470 15928 16022
15508 15935 16042
15550 15983 16074
15561 16027 16097
15567 16048 16114
15614 16049 16124
15656 16063 16131
15694 16075 16172
15727 16099 16204
15733 16109 16221
15779 16149 16261
15807 16159 16276
15809 16197 16293
15844 16239 16320
15893 16268 16324
15899 16310 16365
15946 16314 16368
15978 16333 16387
16024 16371 16421
16043 16364 16391
16085 16421 16446
16097 16446 16483
16139 16461 16526
16171 16491 16561
0 212 15089
16185 16534 16577
16193 16567 16622
16232 16577 20002
16248 22509 22580
16263 16609 16647
16266 16616 16679
16316 16652 16717
16360 16730 16777
16362 16766 16827
16404 16826 16878
16417 16871 16900
16438 16898 16920
16456 16909 16921
16483 16913 16939
16527 16949 16998
16556 16935 16963
16581 16983 17029
16604 17026 17067
16615 17049 17086
16633 16816 16840
16656 17069 17143
16684 17094 17163
16692 17136 17186
16714 17176 17234
16745 22404 22476
16755 17092 17097
16768 17223 17276
16774 17228 17314
16802 17274 17346
16807 17323 17376
16847 17233 17257
16865 17360 17421
16882 17405 17469
16888 17413 17507
16903 17239 17519
16947 17441 17556
16996 17456 17587
17014 17481 17636
17059 17575 17681
17101 17507 17703
17108 17245 17873
17131 17555 17723
17143 17559 17760
17168 17571 17787
17175 17619 17816
17183 17787 17848
17495 17642 17817
17198 17665 17923
17229 17694 17945
17243 17733 17955
17264 17761 17982
17286 17828 17991
17311 17868 18029
17348 17859 18051
17387 17899 18090
17396 17926 18088
17440 18041 18134
17450 17968 18166
17454 17977 18207
17471 18009 18183
18131 18324 18353
17531 18063 18253
17535 18094 18282
17566 18122 18285
17615 18123 18309
17646 18141 18440
17662 18186 18314
17700 18199 18326
17717 18209 18397
17727 18249 18585
17770 18282 18455
17782 18293 18501
17815 18317 18530
17829 18384 18555
17843 18329 18607
17865 18333 18657
17898 18374 18692
17926 18398 18721
17964 18419 18756
18005 18449 18743
18023 18484 18797
18057 18476 18835
18061 18550 19029
18100 18505 18874
18377 18647 18894
18180 18558 18895
18208 18608 18901
18224 18669 18907
18232 18650 18951
18255 18663 18972
18271 18664 18984
18276 18692 18994
18301 18700 19082
18341 18699 19061
19035 19230 19261
18384 18734 19125
18434 18758 19268
18455 18778 19126
18489 18807 19164
18508 18855 19211
18524 18886 19315
18556 18890 19243
18582 18933 19249
18590 18960 19486
18618 18962 19354
18637 18981 19363
18640 18987 19405
18653 19001 19253
18700 19029 19427
18743 19079 19443
18787 19098 19648
18795 19130 19497
18831 19170 19509
18866 19202 19520
18915 19286 19565
18925 19261 19614
18970 19263 19726
18998 19369 19657
19284 19322 19687
19069 19420 19700
19094 19372 19900
19125 19500 19773
19127 19451 19784
19134 19469 19796
19166 19510 19818
19179 19752 19825
19194 19549 19840
19230 19596 19871
19265 19633 19961
19367 19638 19940
19297 19655 19946
19325 19695 20046
19359 19713 20004
16708 16728 16741
19386 19787 20094
19420 19800 20110
19462 19801 20123
19475 19839 20152
19518 19851 20168
19566 19870 20199
19568 19913 20208
19617 19944 20232
19654 19979 20259
19688 20006 20305
19713 20043 20341
19731 20080 20389
19763 20129 20428
19811 20149 20440
19821 20159 20454
19853 20168 20492
19895 20185 20509
19922 20197 20527
19972 20211 20573
20000 20254 20591
20014 20302 20614
20025 20348 20625
20027 20395 20661
20041 20443 20708
20086 20450 20733
20094 20470 20766
20127 20506 20772
20167 20511 20782
20197 20558 20817
20202 20590 20826
20212 20605 20832
20234 20610 20844
20247 20628 20886
20290 20630 20923
20325 20647 20951
20361 20678 20998
20393 20710 21004
20440 20720 21050
20480 20745 21075
20507 20771 21087
20508 20778 21110
20540 20795 21157
20568 20820 21205
20569 20865 21216
20579 20912 21256
20605 20948 21266
20627 20975 21300
20654 21023 21348
20693 21052 21394
20715 21102 21415
20720 21104 21423
20735 21136 21467
20757 21176 21494
20802 21191 21536
20812 21205 21548
20823 21245 21571
20841 21267 21573
20859 21314 21584
20898 21319 21604
20914 21340 21612
20918 21389 21630
20921 21394 21658
20941 21431 21674
20957 21474 21724
20969 21508 21755
20990 21547 21780
21039 21592 21784
21060 21603 21831
21090 21650 21868
21137 21653 21896
21144 21685 21942
21152 21727 21960
21176 21737 21976
21196 21763 21990
21212 21796 22001
21252 21830 22005
21279 21838 22010
21313 21855 22042
21357 21904 22080
21379 21935 22089
21386 21937 22094
21395 21961 22110
21397 21988 22135
21432 22002 22143
21454 22034 22187
21472 22078 22236
21484 22105 22285
21520 22124 22317
21546 22168 22328
21584 22190 22364
21628 22210 22381
21660 22218 22386
21674 22247 22399
21694 22262 22436
21729 22312 22508
21748 22316 22435
21778 22363 22512
21787 22453 22529
21799 22468 22533
21847 22490 22614
