19545
47 77 84
15870 16178 16187
3 11 22
14 22 71
20 84 126
77 159 176
120 196 233
32 233 279
167 275 319
198 319 367
214 367 411
231 373 433
266 382 446
279 387 460
302 421 491
327 446 497
376 487 545
419 527 589
434 547 635
481 551 657
495 566 703
513 575 723
556 599 748
567 634 786
585 641 833
622 682 856
639 707 881
678 731 905
40 126 161
702 757 918
745 783 928
783 824 942
819 850 971
828 868 974
44 893 1010
864 936 1049
887 951 1077
930 968 1105
945 988 1142
953 1023 1161
1001 1063 1165
1035 1074 1211
1048 1107 1250
1092 1142 1265
1112 1163 1313
1134 1185 1323
1139 1187 1334
1187 1221 1368
1190 1236 1375
1222 1267 1398
1259 1288 1435
1288 1322 1464
1307 1356 1472
1329 1381 1500
1360 1402 1520
1387 1442 1555
1435 1452 1557
1439 1489 1566
1478 1520 1576
1508 1567 1597
1530 1586 1634
1543 1634 1678
1563 1678 1703
1600 1703 1742
1612 1738 1750
1659 1740 1796
1680 1785 1830
1698 1830 1871
1732 1864 1912
11 176 203
1744 1865 1957
1763 1870 2000
1777 1894 2034
1803 1896 2078
1826 1918 2119
1847 1957 2140
1852 1975 2155
1900 2007 2190
1921 2026 2232
1926 2056 2269
1951 2088 2286
1970 2132 2330
1974 2173 2340
2007 2191 2368
2034 2235 2386
2052 2261 2397
2096 2285 2432
2129 2333 2467
2134 2341 2475
2150 2387 2506
2172 2435 2522
2191 2450 2529
2216 2481 2533
2223 2487 2580
2249 2518 2624
2271 2519 2660
2320 2532 2661
2340 2576 2666
2360 2601 2687
2387 2615 2702
2422 2646 2724
2466 2647 2747
2471 2685 2779
2519 2731 2811
2552 2752 2836
2575 2801 2861
2621 2812 2909
2624 2840 2922
2672 2863 2958
2693 2911 3006
2737 2922 3023
2776 2965 3051
2809 2985 3064
2821 2987 3110
2870 2993 3123
2902 2997 3142
2911 3012 3174
2946 3016 3222
2952 3033 3240
2985 3070 3274
3001 3114 3320
3036 3159 3334
3046 3178 3351
3061 3220 3362
3102 3253 3409
3129 3254 3429
3133 3301 3473
3173 3336 3474
3177 3337 3484
3218 3375 3526
3264 3397 3545
3288 3446 3568
3337 3454 3600
3385 3457 3637
3409 3470 3684
3438 3478 3702
3478 3502 3717
3502 3549 3737
3532 3578 3743
3561 3595 3744
3595 3633 3793
3633 3653 3801
3648 3676 3848
3652 3701 3878
3685 3713 3912
3713 3742 3916
3734 3754 3964
3754 3796 3982
3787 3800 4023
3792 3807 4033
3804 3817 4047
3811 3820 4073
3820 3831 4118
3831 3836 4126
3836 3873 4146
3844 3899 4157
3849 3919 4184
3882 3930 4195
3904 3968 4225
3934 3984 4226
3947 4010 4247
3979 4030 4259
3999 4055 4303
4048 4072 4315
4072 4102 4347
4080 4137 4379
4118 4153 4424
4125 4190 4456
4166 4239 4486
4192 4279 4510
4210 4311 4514
4227 4326 4548
4248 4368 4594
4290 4414 4637
4315 4444 4640
4335 4480 4668
4377 4489 4705
4413 4493 4720
4414 4532 4736
4449 4571 4770
4496 4579 4776
4497 4582 4822
4519 4597 4832
4556 4620 4868
4569 4646 4887
4575 4687 4917
4579 4692 4942
4605 4709 4979
4609 4719 4988
4633 4753 5002
4672 4769 5003
4704 4802 5020
4706 4846 5035
4713 4895 5081
4717 4930 5090
4724 4951 5117
4757 4987 5151
4781 5011 5190
4793 5014 5196
4809 5029 5221
4841 5033 5223
4856 5065 5256
4903 5083 5305
4948 5122 5354
4980 5147 5402
5014 5190 5430
5056 5230 5477
5090 5258 5493
5132 5259 5507
5160 5279 5514
5162 5326 5520
5174 5341 5551
5194 5376 5558
5233 5406 5589
5262 5445 5598
5283 5457 5645
5321 5496 5690
5365 5503 5734
5376 5509 5737
5409 5532 5759
5438 5545 5776
5442 5579 5817
5483 5596 5828
5523 5603 5866
5544 5619 5886
5547 5631 5924
5558 5670 5932
5590 5685 5952
5593 5728 5967
5632 5776 5984
5639 5781 6024
5677 5792 6063
5714 5795 6071
12 3599 6076
5731 5804 6097
19 151 6133
5741 5814 6176
5790 5858 6192
5831 5880 6205
5871 5902 6250
5890 5918 6268
5918 5965 6305
5965 6003 6334
6001 6030 6340
6023 6067 6361
6067 6115 6363
6115 6144 6366
6144 6155 6367
6145 6164 6409
6146 6200 6453
6162 6225 6486
6207 6256 6499
6256 6278 6536
6278 6292 6576
6292 6326 6605
6324 6353 6629
6353 6356 6672
6356 6388 6717
6388 6393 6762
6390 6427 6809
6427 6440 6852
6440 6486 6881
6451 6510 6924
6478 6539 6973
6518 6564 6990
6553 6589 6992
6563 6625 6998
6603 6673 7036
6652 6697 7083
6685 6732 7116
6720 6748 7138
6745 6790 7176
6768 6815 7199
6788 6828 7221
6828 6865 7235
6865 6905 7242
6874 6913 7260
6901 6934 7306
6934 6951 7307
6951 6997 7312
6997 7012 7356
7012 7061 7391
7061 7100 7412
7100 7135 7438
7121 7162 7441
7162 7187 7479
7187 7208 7505
7208 7229 7554
7221 7244 7567
7231 7260 7586
7260 7288 7608
7269 7307 7648
7289 7333 7656
7330 7355 7698
7350 7375 7727
7374 7398 7739
7389 7426 7775
31 797 1594
7426 7466 7804
7430 7467 7849
7457 7489 7873
7461 7512 7899
7470 7553 7924
7509 7591 7955
7558 7614 7982
7580 7655 7986
7607 7671 8029
7609 7677 8041
7612 7682 8055
7632 7725 8057
7652 7748 8098
7663 7787 8108
7699 7790 8111
7723 7824 8155
7724 7840 8161
7742 7879 8189
7759 7897 8214
7767 7943 8261
7779 7947 8288
7812 7961 8332
7836 7988 8359
7867 8005 8388
7889 8019 8408
7930 8053 8433
7964 8098 8445
7984 8129 8493
8001 8169 8533
8023 8174 8546
8047 8223 8585
8079 8267 8622
8097 8274 8645
8142 8287 8686
8149 8318 8712
8190 8322 8732
8191 8365 8763
8219 8386 8785
8222 8390 8817
8237 8393 8830
8240 8441 8836
8246 8485 8875
8275 8506 8913
8323 8515 8945
8366 8554 8954
8378 8594 8961
8421 8617 8971
8461 8644 8983
8468 8647 8984
19003 19490 19535
8484 8686 9026
8489 8713 9028
8521 8762 9066
8540 8767 9074
8550 8775 9118
8589 8780 9165
8598 8809 9184
8607 8811 9207
8616 8823 9240
8645 8843 9280
8692 8879 9318
8731 8903 9359
8754 8942 9377
8782 8953 9422
8821 8992 9469
8866 9012 9511
8880 9027 9532
8921 9032 9579
8956 9045 9606
8963 9077 9655
8975 9121 9680
9013 9125 9682
9049 9149 9698
9079 9175 9737
9103 9197 9748
9144 9230 9750
9193 9244 9794
9230 9272 9841
9263 9314 9855
9269 9361 9879
9286 9395 9898
9294 9436 9929
9339 9457 9954
9387 9503 10001
9434 9541 10027
9453 9568 10065
9467 9613 10077
9502 9622 10107
9534 9630 10109
9570 9654 10149
9601 9685 10174
9650 9731 10208
9661 9756 10221
9678 9777 10240
9695 9791 10275
9735 9824 10290
9775 9837 10297
9800 9861 10323
9826 9910 10341
9869 9956 10368
9899 9959 10413
9911 9973 10423
9956 10007 10454
10002 10046 10484
10046 10094 10502
10094 10129 10539
10129 10155 10569
10150 10181 10596
10181 10199 10635
10199 10248 10661
10248 10280 10700
10280 10329 10721
10329 10357 10740
10357 10376 10759
10376 10410 10764
10388 10445 10794
1 832 10842
10426 10465 10880
10438 10505 10900
10475 10529 10938
10483 10536 10946
10504 10538 10947
10533 10576 10987
10569 10591 11025
10582 10632 11062
10583 10662 11074
10589 10704 11085
10609 10715 11130
10639 10755 11134
10642 10788 11171
10686 10836 11189
10734 10861 11197
10740 10899 11246
10766 10909 11253
10795 10958 11261
10817 10963 11262
10846 11010 11307
10875 11032 11322
10921 11081 11360
10939 11090 11369
10981 11103 11417
11012 11112 11460
11036 11131 11494
11084 11138 11505
11103 11173 11506
11122 11203 11508
11147 11211 11556
11180 11249 11579
11220 11287 11628
11248 11315 11676
11282 11324 11725
11324 11360 11732
11353 11404 11759
11382 11451 11779
11403 11466 11810
11440 11496 11813
11453 11530 11827
11471 11531 11833
11481 11571 11868
11518 11616 11916
11551 11662 11963
11599 11672 11973
11627 11721 11986
11633 11733 12025
11661 11776 12066
11688 11811 12091
11706 11850 12105
11746 11867 12147
11780 11884 12159
11809 11908 12203
11847 11955 12222
11883 11974 12240
11906 11978 12259
11933 12017 12280
11974 12044 12318
11993 12068 12353
12036 12080 12357
12080 12120 12384
12120 12152 12412
12152 12199 12457
12160 12209 12480
12197 12238 12525
12216 12277 12550
12231 12312 12555
12267 12361 12602
12282 12408 12608
12299 12440 12632
12304 12488 12677
12352 12489 12706
12357 12496 12724
12381 12504 12773
12398 12548 12779
12447 12595 12825
12461 12623 12832
12474 12670 12874
12484 12711 12879
12511 12742 12916
12552 12754 12941
12576 12790 12962
12597 12791 12998
12616 12840 13035
12664 12883 13046
12700 12918 13069
12725 12951 13081
12773 12973 13110
12811 12988 13139
12845 13025 13172
12864 13048 13191
12872 13095 13210
12889 13110 13249
12916 13117 13280
12942 13143 13325
12985 13157 13327
13025 13174 13347
13030 13178 13354
13049 13215 13367
13092 13254 13389
13127 13284 13405
13140 13296 13430
13155 13299 13474
13174 13348 13518
13203 13364 13529
13236 13376 13538
13241 13378 13543
13254 13385 13583
13267 13386 13584
13280 13426 13587
13297 13448 13591
13346 13493 13628
13382 13530 13676
13429 13556 13689
13454 13580 13698
13473 13601 13734
13512 13635 13739
13514 13684 13758
13535 13718 13759
13555 13731 13778
13604 13748 13799
13650 13781 13815
13666 13790 13854
13669 13799 13873
13714 13839 13899
13725 13881 13916
13730 13916 13951
13756 13936 13980
13761 13949 13994
13791 13978 14033
13830 14014 14055
13867 14028 14071
13874 14043 14119
13880 14052 14152
13894 14065 14154
13914 14087 14190
13948 14097 14193
13990 14108 14241
14038 14145 14266
14058 14173 14294
14084 14187 14310
14100 14209 14357
14112 14218 14368
14115 14227 14396
14137 14249 14443
14141 14285 14471
14152 14313 14497
14187 14347 14507
14232 14377 14543
14261 14397 14558
14291 14427 14565
14329 14460 14612
14333 14499 14657
14346 14544 14691
14373 14578 14730
14398 14621 14747
14432 14654 14790
14438 14676 14818
14487 14697 14842
14506 14712 14870
14549 14724 14874
14584 14740 14885
14626 14766 14893
14668 14769 14915
14699 14772 14942
14747 14792 14945
14754 14821 14973
14791 14858 15011
14832 14870 15037
14853 14900 15048
14865 14917 15097
14892 14944 15130
14905 14975 15155
14950 15015 15184
14969 15035 15192
15003 15058 15237
15033 15104 15243
15070 15151 15273
15107 15156 15286
15156 15163 15306
13930 13975 14010
15159 15189 15317
15189 15223 15365
15197 15232 15376
15232 15267 15412
15266 15282 15435
15282 15324 15468
15324 15366 15489
15366 15402 15509
15382 15444 15548
15383 15446 15584
15399 15490 15590
15415 15497 15591
15464 15523 15598
15512 15540 15624
15535 15576 15672
15564 15624 15680
15588 15634 15755
15690 15735 15751
15628 15644 15693
15660 15697 15735
15644 15668 15803
15726 15745 15789
15626 15775 15797
15743 15789 18873
15785 15823 15850
15809 15830 15867
15825 15849 15896
15846 15878 15921
15919 15922 15963
15922 15938 15975
15932 15963 16023
15952 16015 16073
15999 16055 16104
16016 16104 16150
16023 16126 16169
15948 15974 16032
16051 16127 16200
16054 16150 16241
16074 16187 16271
16086 16236 16308
16104 16311 16353
16144 16353 16399
16173 16279 18788
16140 16162 16318
16220 16395 16430
16269 16430 16470
16278 16436 16519
16294 16475 16524
16328 16510 16531
16319 16529 16574
16340 16574 16622
16370 16622 16647
16417 16642 16676
16409 16647 16718
16412 16690 16762
16466 16737 16766
16499 16743 16799
16533 16750 16829
16572 16763 16864
16565 16766 16894
16597 16781 16907
16589 16786 16946
16635 16823 16972
16672 16868 17003
16727 19136 19237
16717 16885 17004
16720 16919 17016
16773 16966 17045
17010 17019 17048
16812 16975 17085
16861 17047 17100
16907 17070 17129
16949 17104 17174
16968 17123 17223
16973 17151 17244
17013 17155 17264
17053 17165 17303
17107 17181 17330
17100 17228 17373
17131 17244 17383
17155 17264 17386
17204 17297 17399
17242 17325 17429
17289 17355 17473
16142 17391 17489
17337 17417 17519
17362 17455 17547
17411 17483 17581
17442 17526 17586
17460 17527 17628
17500 17554 17659
17526 17571 17708
17536 17607 17712
16290 16299 16311
17580 17625 17758
17612 17645 17761
17646 17708 17787
17633 17671 17797
17687 17738 17809
17689 17766 17833
17710 17812 17851
17746 17816 17881
17756 17853 17908
17803 17856 17925
17845 17893 17948
17861 17931 17984
17895 17958 18033
17903 17969 18069
17922 17980 18087
17954 18028 18097
17970 18037 18146
17999 18076 18187
18045 18099 18229
18092 18146 18259
18102 18166 18295
18133 18196 18332
18139 18244 18354
18164 18289 18400
18200 18336 18435
18216 18355 18464
18239 18369 18477
18272 18401 18526
18286 18408 18528
18333 18422 18532
18356 18463 18555
18384 18468 18572
18406 18502 18592
18419 18530 18594
18434 18556 18607
18458 18593 18629
18465 18609 18662
18493 18625 18678
18505 18701 18744
18553 18744 18775
18568 18775 18813
18597 18812 18848
18653 18848 18870
18667 19219 19506
18671 18913 18949
18711 18950 18970
18723 18870 18912
18731 18970 18984
18744 18875 18988
18767 18876 19009
18772 19187 19219
18819 18881 18907
18865 18882 19169
18867 19258 19283
18886 18983 19045
18895 19040 19069
18915 18992 19049
18961 19161 19187
18968 19088 19136
18646 18653 18701
19026 19069 19088
19040 19264 19328
19062 19535 19543
19084 19296 19370
19130 19331 19404
19153 19367 19420
19194 19396 19441
19210 19423 19485
19247 19447 19500
