24970
19 39 46
20489 20540 20635
39 50 59
50 60 67
12 15 18
60 71 77
71 88 102
88 102 111
100 120 129
120 135 150
135 150 169
143 169 186
153 186 200
165 200 217
173 217 234
193 231 240
202 240 256
214 253 276
226 254 277
242 259 280
244 271 283
3 18 30
255 278 299
261 295 314
264 314 332
282 332 352
298 340 367
306 345 379
324 363 393
335 365 397
345 377 415
357 379 421
370 391 428
384 410 434
398 420 449
403 422 455
422 440 456
426 456 464
440 464 478
459 470 484
470 488 492
488 499 507
499 512 532
7 532 552
512 552 568
513 553 581
525 555 591
537 557 595
557 564 596
558 578 615
575 587 620
587 602 635
602 619 653
615 631 656
624 634 664
0 3 7
631 647 666
647 663 681
663 681 697
670 690 702
683 697 716
689 716 727
9 727 745
704 742 761
712 759 775
730 772 781
735 781 790
753 790 810
763 805 814
765 814 822
780 822 842
793 841 859
805 859 877
820 877 893
833 886 904
17 649 844
836 902 922
844 922 932
864 932 950
879 947 961
891 961 981
901 981 990
902 990 994
915 993 1004
930 1004 1020
942 1011 1032
950 1023 1044
969 1035 1046
981 1043 1066
1001 1060 1079
1005 1079 1089
1016 1089 1108
1034 1108 1128
1035 1120 1146
1049 1122 1165
1053 1138 1178
1057 1151 1197
1061 1166 1208
1063 1167 1216
1069 1182 1229
1080 1201 1233
1086 1216 1238
1098 1220 1239
1108 1231 1250
1113 1250 1270
1130 1264 1290
1141 1281 1301
1158 1293 1307
1175 1306 1310
1182 1307 1321
11 1316 1335
1188 1328 1347
1199 1347 1362
1210 1358 1369
1221 1369 1387
1240 1387 1402
1260 1402 1413
1274 1408 1429
1286 1413 1431
1301 1418 1445
1309 1431 1456
1320 1449 1464
1328 1464 1467
1345 1467 1473
1347 1470 1476
1357 1476 1487
1368 1484 1505
1377 1488 1518
1397 1505 1531
1416 1508 1540
1431 1520 1555
1439 1528 1566
1455 1547 1571
1475 1555 1575
1476 1568 1582
1483 1577 1594
1491 1579 1610
1505 1580 1620
1519 1591 1625
1527 1603 1640
1535 1604 1647
1553 1611 1650
1571 1628 1661
1575 1630 1675
1594 1644 1693
1596 1652 1708
1611 1661 1723
1625 1670 1724
1628 1673 1733
1646 1679 1752
1663 1688 1754
1679 1706 1762
1682 1711 1778
1689 1724 1793
1697 1728 1811
1715 1730 1815
1718 1750 1822
1727 1752 1842
1743 1770 1860
1751 1783 1873
1771 1792 1882
1791 1809 1897
1804 1812 1898
1807 1819 1901
1810 1832 1903
1823 1852 1922
1836 1868 1941
1844 1876 1959
1848 1887 1975
1865 1895 1976
1877 1910 1990
1883 1914 2007
1894 1922 2013
1904 1937 2022
1919 1952 2030
1930 1961 2034
1942 1967 2036
1960 1977 2044
1971 1992 2064
1979 2007 2074
15 30 37
1982 2021 2084
2000 2031 2086
2006 2048 2095
2018 2049 2113
2036 2050 2124
2039 2069 2139
2059 2074 2154
2072 2089 2157
2076 2095 2172
2094 2098 2179
2097 2111 2199
2111 2116 2202
2115 2124 2215
2124 2139 2225
2139 2150 2235
2150 2158 2253
2157 2171 2265
2165 2173 2276
2169 2184 2277
2183 2203 2288
2203 2214 2293
2214 2231 2297
2231 2246 2316
2246 2259 2320
2259 2278 2329
2278 2296 2335
2282 2309 2346
2286 2318 2352
2294 2327 2371
2301 2345 2387
2310 2348 2390
2318 2356 2399
2329 2367 2408
2347 2372 2426
2354 2377 2430
2360 2379 2444
2371 2382 2454
2375 2390 2460
2390 2402 2469
2399 2407 2482
2402 2427 2499
2409 2436 2501
2411 2445 2509
2430 2450 2526
2439 2453 2542
2448 2467 2547
2467 2482 2552
2473 2492 2553
2482 2495 2568
2484 2504 2576
2503 2522 2590
2522 2537 2592
2534 2544 2599
2537 2553 2609
2553 2573 2613
16 46 60
2573 2585 2628
2585 2605 2635
2605 2608 2645
2608 2618 2651
2618 2635 2669
18 37 171
2629 2647 2670
2647 2667 2688
2667 2679 2694
2673 2694 2712
2677 2700 2724
2686 2701 2739
2689 2719 2759
2692 2734 2776
2703 2738 2787
2711 2742 2789
2731 2744 2797
2741 2764 2801
2750 2771 2807
2764 2781 2820
2776 2783 2838
2780 2784 2852
2784 2804 2856
2793 2805 2864
2794 2806 2877
2801 2825 2879
2810 2840 2888
2820 2846 2894
2840 2860 2908
2847 2880 2928
2860 2890 2934
2879 2900 2946
2896 2914 2964
2914 2927 2981
2927 2942 2989
2942 2962 2993
2962 2982 3004
2979 2984 3018
2983 2993 3024
2993 2999 3033
2994 3002 3039
2995 3017 3055
2997 3022 3058
3017 3037 3065
3037 3054 3074
3054 3068 3089
3063 3073 3091
3073 3086 3108
3084 3104 3128
3104 3119 3143
3116 3125 3153
3125 3144 3169
3134 3157 3183
3137 3161 3191
3143 3177 3199
3151 3183 3200
3152 3193 3210
3171 3196 3227
3188 3212 3246
3193 3215 3252
3213 3225 3271
3223 3240 3285
3240 3260 3295
3260 3286 3317
3286 3317 3353
3315 3353 3393
3353 3400 3426
3400 3426 3463
3426 3463 3505
3457 3505 3529
3475 3518 3557
3518 3545 3602
3544 3585 3651
3577 3624 3663
3612 3640 3689
3640 3689 3702
3655 3702 3751
3688 3751 3776
3702 3776 3821
3733 3816 3857
3772 3837 3871
3787 3871 3909
3821 3909 3929
3854 3919 3978
3890 3968 3998
3926 3979 4040
3957 4025 4081
3969 4074 4103
3998 4103 4148
4013 4147 4195
4035 4181 4230
4078 4230 4268
4122 4268 4312
4145 4312 4350
4183 4341 4397
4232 4382 4412
4276 4395 4436
4310 4436 4483
4328 4483 4531
4354 4531 4563
4400 4562 4607
4440 4607 4636
4452 4625 4670
4468 4670 4719
4480 4690 4743
4525 4722 4771
4544 4740 4804
4572 4779 4841
4621 4813 4864
4658 4844 4904
4678 4856 4940
4707 4886 4976
4732 4908 5021
4742 4943 5048
4786 4977 5063
4822 4991 5096
4832 5023 5121
4871 5062 5141
4916 5090 5175
4963 5122 5212
4988 5170 5234
5011 5194 5268
5038 5237 5279
5082 5255 5322
5120 5291 5370
5147 5301 5393
5160 5323 5428
5204 5367 5439
5244 5406 5484
5283 5455 5527
5296 5477 5559
5343 5521 5577
5385 5558 5623
5412 5592 5662
5459 5613 5680
5476 5631 5718
5516 5677 5749
5544 5722 5781
5554 5757 5795
5597 5793 5825
5638 5814 5845
5667 5845 5880
5716 5880 5915
5733 5909 5945
5769 5942 5966
5811 5966 6004
5856 6004 6046
5903 6046 6092
5924 6092 6138
5969 6138 6183
5980 6183 6228
6002 6199 6277
6025 6219 6300
6067 6250 6327
6113 6297 6373
6132 6328 6398
6178 6372 6445
6208 6400 6481
6236 6429 6523
6282 6443 6561
6298 6470 6586
6324 6490 6602
6370 6512 6624
6419 6550 6656
6451 6569 6705
6498 6611 6747
6539 6633 6788
6565 6672 6816
6605 6706 6854
6635 6729 6895
6682 6750 6940
6706 6798 6953
6737 6817 6992
6771 6854 7036
6789 6890 7084
6802 6917 7116
6829 6945 7132
6875 6959 7158
6922 6995 7172
6964 7016 7200
6993 7058 7211
7005 7085 7246
7024 7130 7291
7040 7160 7336
7087 7192 7385
7108 7221 7416
7143 7243 7437
7187 7276 7458
7232 7321 7499
7258 7358 7524
7287 7374 7558
7304 7403 7580
7326 7415 7614
7369 7437 7638
7415 7447 7660
7444 7472 7693
7469 7497 7714
7497 7522 7739
7519 7540 7754
7531 7561 7803
7556 7579 7838
7579 7626 7852
7626 7675 7878
7671 7723 7907
7716 7760 7937
7760 7775 7982
7775 7796 8013
7796 7830 8038
7820 7878 8056
7832 7917 8085
7867 7960 8123
7916 8003 8136
7948 8043 8152
7979 8082 8198
8022 8120 8224
8065 8164 8253
8089 8176 8280
8133 8195 8299
8151 8224 8320
8179 8272 8339
8201 8287 8388
8231 8309 8399
8258 8323 8439
8272 8353 8451
8292 8369 8498
8319 8397 8528
8340 8443 8577
8373 8472 8610
8410 8505 8654
8445 8529 8701
8484 8577 8737
8513 8616 8770
8557 8661 8812
8586 8682 8833
8599 8721 8868
8615 8738 8915
8633 8758 8927
8663 8768 8939
8704 8800 8953
8721 8846 8964
8763 8894 8998
8808 8905 9031
8838 8929 9071
8853 8966 9086
8896 9003 9117
8926 9026 9142
8971 9061 9183
8982 9093 9230
9017 9104 9243
9035 9132 9255
9064 9158 9283
9079 9187 9311
9090 9214 9338
9104 9248 9376
9131 9260 9414
9161 9298 9445
9196 9331 9491
9235 9347 9529
9254 9384 9549
9289 9417 9588
9302 9429 9636
9336 9472 9677
9359 9489 9718
9394 9535 9742
9431 9569 9791
9475 9608 9807
9512 9629 9850
9560 9653 9877
9585 9694 9906
9610 9708 9952
9634 9739 9975
9672 9774 10008
9717 9819 10037
9757 9865 10072
9799 9882 10087
9848 9905 10106
9879 9949 10144
9914 9963 10180
9963 10007 10205
10007 10049 10218
10045 10086 10246
10086 10127 10291
10127 10167 10327
10148 10211 10352
10181 10245 10366
10220 10269 10399
10269 10313 10444
10313 10348 10471
10348 10390 10484
10390 10436 10504
10436 10481 10541
10455 10508 10552
10498 10543 10595
10543 10568 10615
10568 10613 10657
10613 10662 10689
10662 10705 10726
10705 10721 10761
10721 10744 10797
10744 10775 10843
10775 10808 10887
10808 10824 10920
10824 10872 10960
10846 10920 10999
10871 10930 11018
10912 10948 11047
10948 10996 11091
10966 11039 11102
10994 11079 11115
11005 11107 11159
11032 11131 11183
11045 11143 11199
11094 11172 11220
11129 11216 11255
11166 11232 11272
11177 11250 11300
11211 11266 11328
11260 11309 11377
11288 11329 11423
11329 11361 11446
11361 11408 11459
11408 11440 11508
11435 11480 11550
11476 11503 11560
11487 11539 11579
11515 11579 11621
11538 11621 11658
11559 11658 11706
11584 11706 11747
11601 11747 11787
11629 11769 11828
11662 11816 11843
11684 11843 11882
11717 11882 11910
11730 11910 11938
11756 11925 11987
11766 11953 12036
11794 11982 12073
11818 12003 12121
11832 12048 12145
11869 12078 12180
11914 12110 12223
11929 12128 12271
11948 12161 12283
11961 12181 12297
11983 12215 12345
12006 12244 12391
12040 12270 12419
12076 12301 12443
12088 12311 12490
12098 12356 12507
12141 12404 12543
12154 12425 12555
12183 12461 12584
12206 12474 12596
12240 12484 12638
12287 12509 12667
12302 12523 12678
12350 12556 12689
12392 12576 12709
12405 12599 12735
12454 12618 12755
12501 12649 12784
12545 12676 12816
12561 12705 12830
12606 12754 12855
12650 12803 12894
12661 12849 12940
12686 12881 12951
12711 12912 12969
12741 12924 13005
12773 12968 13052
12818 13015 13076
12833 13045 13110
12855 13085 13120
12899 13114 13148
12931 13136 13174
12953 13147 13209
12995 13159 13247
13029 13193 13259
13057 13223 13295
13075 13246 13307
13110 13272 13317
13124 13302 13351
13151 13342 13365
13177 13359 13397
13221 13377 13420
13263 13391 13469
13290 13407 13508
13305 13440 13543
13348 13476 13580
13380 13524 13626
13401 13564 13643
13418 13575 13690
13452 13616 13731
13499 13627 13768
13511 13672 13800
13550 13712 13815
13593 13727 13860
13632 13739 13884
13675 13762 13932
13724 13799 13970
13760 13819 14012
13773 13829 14026
13806 13865 14038
13855 13901 14078
13900 13935 14105
13935 13958 14116
13958 14007 14159
14007 14027 14175
14027 14071 14224
14071 14104 14252
14104 14151 14270
14119 14192 14309
14136 14214 14357
14180 14229 14375
14229 14259 14392
14256 14291 14418
14291 14318 14448
14318 14360 14470
14360 14394 14514
14385 14427 14552
14411 14458 14564
14458 14503 14599
14503 14543 14645
14543 14589 14670
14565 14612 14685
14593 14648 14717
14619 14662 14738
14648 14698 14766
14689 14729 14811
14705 14751 14847
14716 14772 14885
14755 14801 14922
14801 14834 14945
14829 14879 14988
14864 14913 15015
14913 14955 15046
14955 14978 15081
14968 15027 15100
15014 15049 15125
15038 15084 15167
15084 15132 15195
15132 15157 15224
15146 15179 15255
15179 15207 15301
15200 15236 15340
15227 15265 15385
15248 15313 15414
15285 15359 15446
15303 15397 15486
15339 15427 15525
15372 15458 15561
15400 15504 15572
15430 15547 15610
15459 15590 15621
15507 15616 15639
15528 15639 15672
15546 15669 15704
15589 15696 15742
15630 15737 15777
15649 15770 15791
15681 15787 15823
15703 15808 15860
15746 15822 15899
15774 15832 15909
15806 15858 15952
15850 15893 15979
15866 15937 16012
15876 15982 16029
15887 16028 16060
15913 16044 16098
15943 16063 16128
15962 16081 16150
15990 16110 16181
16001 16123 16192
16020 16138 16232
16051 16158 16243
16086 16176 16279
16131 16186 16324
16146 16208 16338
16173 16257 16374
16200 16296 16384
16213 16342 16401
16225 16387 16448
16272 16400 16482
16313 16412 16526
16360 16444 16554
16391 16457 16583
16422 16495 16627
16465 16533 16638
16513 16549 16686
16546 16571 16720
16571 16599 16742
16599 16648 16763
16648 16675 16780
16658 16687 16814
16671 16715 16824
16715 16761 16860
16761 16802 16907
16802 16838 16952
16838 16862 16973
16859 16900 17017
16900 16937 17039
16937 16984 17055
16984 17032 17070
17032 17057 17101
17054 17100 17148
17100 17148 17187
17128 17170 17208
17167 17194 17248
17194 17222 17269
17222 17261 17293
17234 17292 17340
17273 17340 17370
17304 17370 17387
17345 17387 17417
17385 17415 17432
17426 17467 17489
17467 17489 17538
17485 17506 17577
17506 17539 17619
17539 17575 17668
17575 17617 17680
17601 17643 17725
17643 17683 17745
17683 17715 17788
17715 17763 17812
17763 17805 17852
17787 17818 17889
17798 17832 17910
17813 17881 17929
17840 17929 17958
17852 17954 17997
17877 17981 18046
17921 18009 18072
17952 18043 18118
17967 18073 18155
17994 18115 18199
18041 18142 18235
18055 18178 18258
18066 18220 18290
18106 18265 18321
18130 18295 18336
18150 18322 18384
18193 18378 18416
18211 18368 18443
18234 18429 18487
18264 18392 18534
18301 18471 18563
18313 18449 18597
18362 18604 18641
18405 18517 18671
18419 18527 18698
18462 18543 18717
18477 18570 18750
18491 18722 18772
18534 18628 18808
18568 18664 18820
18599 18680 18830
18631 18808 18871
18668 18762 18901
18681 18889 18950
18726 18839 18987
18770 18864 18997
18808 18922 19007
18839 18962 19054
18861 19048 19098
18877 18982 19125
18924 18994 19166
18964 19010 19190
18995 19025 19234
19008 19129 19277
19042 19076 19291
19059 19088 19302
19083 19115 19339
19109 19306 19349
19136 19179 19365
19179 19199 19397
19199 19232 19431
19224 19247 19469
19247 19287 19480
19287 19332 19497
19332 19379 19536
19357 19404 19573
19404 19433 19622
19414 19469 19648
19424 19482 19697
19450 19522 19734
19471 19568 19778
19497 19590 19815
19515 19633 19835
19530 19673 19848
19575 19685 19869
19611 19721 19893
19649 19761 19937
19681 19781 19960
19720 19802 19976
19765 19851 19989
19802 19862 20000
19819 19872 20015
19833 19883 20026
19855 19923 20045
19880 19954 20072
19907 19995 20097
19941 20028 20126
19975 20049 20147
20020 20070 20193
20055 20106 20234
20065 20130 20268
20078 20145 20278
20125 20156 20323
20150 20172 20371
20163 20216 20387
20212 20248 20434
20248 20290 20473
20290 20331 20485
20317 20374 20497
20365 20421 20527
20383 20456 20570
20416 20492 20581
20461 20506 20609
17415 17432 17460
20501 20558 20638
20528 20607 20675
20565 20638 20708
20599 20677 20750
20609 20700 20765
20647 20735 20793
20682 20759 20817
20695 20778 20863
20716 20801 20890
20731 20828 20932
20759 20863 20962
20770 20911 21011
20811 20926 21047
20854 20974 21069
20869 21015 21117
20895 21059 21152
20936 21103 21186
20952 21124 21222
20966 21162 21260
20985 21173 21290
21033 21203 21327
21054 21219 21339
21080 21262 21361
21095 21276 21396
21143 21324 21429
21167 21351 21453
21214 21368 21477
21249 21405 21524
21271 21451 21556
21312 21480 21577
21350 21493 21622
21380 21514 21660
21428 21563 21670
21473 21583 21681
21501 21623 21714
21519 21641 21758
21535 21657 21802
21562 21685 21845
21575 21706 21859
21589 21719 21890
21632 21743 21913
21667 21790 21938
21682 21821 21957
21718 21851 21982
21757 21887 22020
21779 21927 22056
21798 21970 22094
21836 21993 22117
21850 22035 22137
21880 22067 22167
21895 22108 22211
21931 22143 22221
21976 22172 22260
21990 22221 22284
22031 22265 22332
22049 22309 22373
22087 22321 22418
22119 22358 22446
22147 22396 22472
22158 22433 22491
22171 22447 22515
22207 22480 22558
22231 22515 22589
22255 22530 22600
22268 22540 22616
22304 22579 22638
22338 22620 22672
22354 22638 22721
22367 22661 22760
22394 22706 22782
22422 22721 22825
22448 22762 22841
22464 22790 22879
22477 22803 22902
22516 22844 22921
22529 22858 22966
22551 22878 23002
22598 22915 23044
22611 22933 23066
22632 22946 23090
22648 22972 23118
22695 22993 23145
22737 23036 23165
22764 23076 23184
22776 23089 23215
22794 23132 23250
22843 23148 23298
22874 23185 23320
22908 23214 23364
22930 23235 23381
22943 23265 23416
22984 23286 23439
22998 23320 23487
23029 23359 23502
23039 23407 23524
23072 23443 23570
23119 23485 23588
23135 23500 23633
23147 23534 23675
23169 23549 23704
23186 23571 23746
23198 23607 23774
23247 23650 23806
23266 23677 23828
23292 23701 23861
23323 23732 23906
23366 23745 23935
23397 23770 23970
23408 23795 23996
23451 23823 24014
23470 23868 24041
23489 23896 24082
23513 23927 24115
23537 23948 24162
23552 23972 24175
23583 23985 24215
23600 24021 24252
23611 24063 24277
23647 24082 24296
23677 24115 24333
23710 24163 24361
23730 24176 24376
23768 24187 24403
23801 24228 24440
23842 24266 24477
23852 24306 24520
23866 24317 24558
23904 24336 24581
23939 24368 24617
23949 24414 24659
23989 24452 24705
24029 24487 24724
24050 24500 24758
24060 24534 24788
24077 24572 24821
24097 24588 24835
24120 24633 24857
24137 24680 24876
24181 24711 24921
